Defromation Results
1.84193 1.84193 1.84193 1.84193 1.84193 1.84193 1.84193 1.84193 1.84193 1.84193 1.84193 1.84193 1.84193 1.84193 1.84193 1.84193 1.84193 1.84193 1.84193 1.84193 1.84193 1.84193 1.84193 1.84193 1.84193 1.84193 1.84193 1.84193 1.84193 1.84193 1.84193 1.84193 1.84193 1.84193 1.84193 1.84193 1.84193 1.84193 1.84193 1.84193 1.84193 1.84193 1.84193 1.84193 1.84193 1.84193 1.84193 1.84193 1.84193 1.84193 1.84193 1.84193 1.84193 1.84193 1.84193 1.84193 1.84193 1.84193 1.84193 1.84193 1.84193 1.84193 1.84193 1.84193 1.84193 1.84193 1.84193 1.84193 1.84193 1.84193 1.84193 1.84193 1.84193 1.84193 1.84193 1.84193 1.84193 1.84193 1.84193 1.84193 1.84193
1.86501 1.86501 1.86501 1.86501 1.86501 1.86501 1.86501 1.86501 1.86501 1.86501 1.86501 1.86501 1.86501 1.86501 1.86501 1.86501 1.86501 1.86501 1.86501 1.86501 1.86501 1.86501 1.86501 1.86501 1.86501 1.86501 1.86501 1.86501 1.86501 1.86501 1.86501 1.86501 1.86501 1.86501 1.86501 1.86501 1.86501 1.86501 1.86501 1.86501 1.86501 1.86501 1.86501 1.86501 1.86501 1.86501 1.86501 1.86501 1.86501 1.86501 1.86501 1.86501 1.86501 1.86501 1.86501 1.86501 1.86501 1.86501 1.86501 1.86501 1.86501 1.86501 1.86501 1.86501 1.86501 1.86501 1.86501 1.86501 1.86501 1.86501 1.86501 1.86501 1.86501 1.86501 1.86501 1.86501 1.86501 1.86501 1.86501 1.86501 1.86501
1.89014 1.89014 1.89014 1.89014 1.89014 1.89014 1.89014 1.89014 1.89014 1.89014 1.89014 1.89014 1.89014 1.89014 1.89014 1.89014 1.89014 1.89014 1.89014 1.89014 1.89014 1.89014 1.89014 1.89014 1.89014 1.89014 1.89014 1.89014 1.89014 1.89014 1.89014 1.89014 1.89014 1.89014 1.89014 1.89014 1.89014 1.89014 1.89014 1.89014 1.89014 1.89014 1.89014 1.89014 1.89014 1.89014 1.89014 1.89014 1.89014 1.89014 1.89014 1.89014 1.89014 1.89014 1.89014 1.89014 1.89014 1.89014 1.89014 1.89014 1.89014 1.89014 1.89014 1.89014 1.89014 1.89014 1.89014 1.89014 1.89014 1.89014 1.89014 1.89014 1.89014 1.89014 1.89014 1.89014 1.89014 1.89014 1.89014 1.89014 1.89014
1.91594 1.91594 1.91594 1.91594 1.91594 1.91594 1.91594 1.91594 1.91594 1.91594 1.91594 1.91594 1.91594 1.91594 1.91594 1.91594 1.91594 1.91594 1.91594 1.91594 1.91594 1.91594 1.91594 1.91594 1.91594 1.91594 1.91594 1.91594 1.91594 1.91594 1.91594 1.91594 1.91594 1.91594 1.91594 1.91594 1.91594 1.91594 1.91594 1.91594 1.91594 1.91594 1.91594 1.91594 1.91594 1.91594 1.91594 1.91594 1.91594 1.91594 1.91594 1.91594 1.91594 1.91594 1.91594 1.91594 1.91594 1.91594 1.91594 1.91594 1.91594 1.91594 1.91594 1.91594 1.91594 1.91594 1.91594 1.91594 1.91594 1.91594 1.91594 1.91594 1.91594 1.91594 1.91594 1.91594 1.91594 1.91594 1.91594 1.91594 1.91594
1.94145 1.94145 1.94145 1.94145 1.94145 1.94145 1.94145 1.94145 1.94145 1.94145 1.94145 1.94145 1.94145 1.94145 1.94145 1.94145 1.94145 1.94145 1.94145 1.94145 1.94145 1.94145 1.94145 1.94145 1.94145 1.94145 1.94145 1.94145 1.94145 1.94145 1.94145 1.94145 1.94145 1.94145 1.94145 1.94145 1.94145 1.94145 1.94145 1.94145 1.94145 1.94145 1.94145 1.94145 1.94145 1.94145 1.94145 1.94145 1.94145 1.94145 1.94145 1.94145 1.94145 1.94145 1.94145 1.94145 1.94145 1.94145 1.94145 1.94145 1.94145 1.94145 1.94145 1.94145 1.94145 1.94145 1.94145 1.94145 1.94145 1.94145 1.94145 1.94145 1.94145 1.94145 1.94145 1.94145 1.94145 1.94145 1.94145 1.94145 1.94145
1.96597 1.96597 1.96597 1.96597 1.96597 1.96597 1.96597 1.96597 1.96597 1.96597 1.96597 1.96597 1.96597 1.96597 1.96597 1.96597 1.96597 1.96597 1.96597 1.96597 1.96597 1.96597 1.96597 1.96597 1.96597 1.96597 1.96597 1.96597 1.96597 1.96597 1.96597 1.96597 1.96597 1.96597 1.96597 1.96597 1.96597 1.96597 1.96597 1.96597 1.96597 1.96597 1.96597 1.96597 1.96597 1.96597 1.96597 1.96597 1.96597 1.96597 1.96597 1.96597 1.96597 1.96597 1.96597 1.96597 1.96597 1.96597 1.96597 1.96597 1.96597 1.96597 1.96597 1.96597 1.96597 1.96597 1.96597 1.96597 1.96597 1.96597 1.96597 1.96597 1.96597 1.96597 1.96597 1.96597 1.96597 1.96597 1.96597 1.96597 1.96597
1.98887 1.98887 1.98887 1.98887 1.98887 1.98887 1.98887 1.98887 1.98887 1.98887 1.98887 1.98887 1.98887 1.98887 1.98887 1.98887 1.98887 1.98887 1.98887 1.98887 1.98887 1.98887 1.98887 1.98887 1.98887 1.98887 1.98887 1.98887 1.98887 1.98887 1.98887 1.98887 1.98887 1.98887 1.98887 1.98887 1.98887 1.98887 1.98887 1.98887 1.98887 1.98887 1.98887 1.98887 1.98887 1.98887 1.98887 1.98887 1.98887 1.98887 1.98887 1.98887 1.98887 1.98887 1.98887 1.98887 1.98887 1.98887 1.98887 1.98887 1.98887 1.98887 1.98887 1.98887 1.98887 1.98887 1.98887 1.98887 1.98887 1.98887 1.98887 1.98887 1.98887 1.98887 1.98887 1.98887 1.98887 1.98887 1.98887 1.98887 1.98887
2.00966 2.00966 2.00966 2.00966 2.00966 2.00966 2.00966 2.00966 2.00966 2.00966 2.00966 2.00966 2.00966 2.00966 2.00966 2.00966 2.00966 2.00966 2.00966 2.00966 2.00966 2.00966 2.00966 2.00966 2.00966 2.00966 2.00966 2.00966 2.00966 2.00966 2.00966 2.00966 2.00966 2.00966 2.00966 2.00966 2.00966 2.00966 2.00966 2.00966 2.00966 2.00966 2.00966 2.00966 2.00966 2.00966 2.00966 2.00966 2.00966 2.00966 2.00966 2.00966 2.00966 2.00966 2.00966 2.00966 2.00966 2.00966 2.00966 2.00966 2.00966 2.00966 2.00966 2.00966 2.00966 2.00966 2.00966 2.00966 2.00966 2.00966 2.00966 2.00966 2.00966 2.00966 2.00966 2.00966 2.00966 2.00966 2.00966 2.00966 2.00966
2.02798 2.02798 2.02798 2.02798 2.02798 2.02798 2.02798 2.02798 2.02798 2.02798 2.02798 2.02798 2.02798 2.02798 2.02798 2.02798 2.02798 2.02798 2.02798 2.02798 2.02798 2.02798 2.02798 2.02798 2.02798 2.02798 2.02798 2.02798 2.02798 2.02798 2.02798 2.02798 2.02798 2.02798 2.02798 2.02798 2.02798 2.02798 2.02798 2.02798 2.02798 2.02798 2.02798 2.02798 2.02798 2.02798 2.02798 2.02798 2.02798 2.02798 2.02798 2.02798 2.02798 2.02798 2.02798 2.02798 2.02798 2.02798 2.02798 2.02798 2.02798 2.02798 2.02798 2.02798 2.02798 2.02798 2.02798 2.02798 2.02798 2.02798 2.02798 2.02798 2.02798 2.02798 2.02798 2.02798 2.02798 2.02798 2.02798 2.02798 2.02798
2.04359 2.04359 2.04359 2.04359 2.04359 2.04359 2.04359 2.04359 2.04359 2.04359 2.04359 2.04359 2.04359 2.04359 2.04359 2.04359 2.04359 2.04359 2.04359 2.04359 2.04359 2.04359 2.04359 2.04359 2.04359 2.04359 2.04359 2.04359 2.04359 2.04359 2.04359 2.04359 2.04359 2.04359 2.04359 2.04359 2.04359 2.04359 2.04359 2.04359 2.04359 2.04359 2.04359 2.04359 2.04359 2.04359 2.04359 2.04359 2.04359 2.04359 2.04359 2.04359 2.04359 2.04359 2.04359 2.04359 2.04359 2.04359 2.04359 2.04359 2.04359 2.04359 2.04359 2.04359 2.04359 2.04359 2.04359 2.04359 2.04359 2.04359 2.04359 2.04359 2.04359 2.04359 2.04359 2.04359 2.04359 2.04359 2.04359 2.04359 2.04359
2.05638 2.05638 2.05638 2.05638 2.05638 2.05638 2.05638 2.05638 2.05638 2.05638 2.05638 2.05638 2.05638 2.05638 2.05638 2.05638 2.05638 2.05638 2.05638 2.05638 2.05638 2.05638 2.05638 2.05638 2.05638 2.05638 2.05638 2.05638 2.05638 2.05638 2.05638 2.05638 2.05638 2.05638 2.05638 2.05638 2.05638 2.05638 2.05638 2.05638 2.05638 2.05638 2.05638 2.05638 2.05638 2.05638 2.05638 2.05638 2.05638 2.05638 2.05638 2.05638 2.05638 2.05638 2.05638 2.05638 2.05638 2.05638 2.05638 2.05638 2.05638 2.05638 2.05638 2.05638 2.05638 2.05638 2.05638 2.05638 2.05638 2.05638 2.05638 2.05638 2.05638 2.05638 2.05638 2.05638 2.05638 2.05638 2.05638 2.05638 2.05638
2.06633 2.06633 2.06633 2.06633 2.06633 2.06633 2.06633 2.06633 2.06633 2.06633 2.06633 2.06633 2.06633 2.06633 2.06633 2.06633 2.06633 2.06633 2.06633 2.06633 2.06633 2.06633 2.06633 2.06633 2.06633 2.06633 2.06633 2.06633 2.06633 2.06633 2.06633 2.06633 2.06633 2.06633 2.06633 2.06633 2.06633 2.06633 2.06633 2.06633 2.06633 2.06633 2.06633 2.06633 2.06633 2.06633 2.06633 2.06633 2.06633 2.06633 2.06633 2.06633 2.06633 2.06633 2.06633 2.06633 2.06633 2.06633 2.06633 2.06633 2.06633 2.06633 2.06633 2.06633 2.06633 2.06633 2.06633 2.06633 2.06633 2.06633 2.06633 2.06633 2.06633 2.06633 2.06633 2.06633 2.06633 2.06633 2.06633 2.06633 2.06633
 2.0735  2.0735  2.0735  2.0735  2.0735  2.0735  2.0735  2.0735  2.0735  2.0735  2.0735  2.0735  2.0735  2.0735  2.0735  2.0735  2.0735  2.0735  2.0735  2.0735  2.0735  2.0735  2.0735  2.0735  2.0735  2.0735  2.0735  2.0735  2.0735  2.0735  2.0735  2.0735  2.0735  2.0735  2.0735  2.0735  2.0735  2.0735  2.0735  2.0735  2.0735  2.0735  2.0735  2.0735  2.0735  2.0735  2.0735  2.0735  2.0735  2.0735  2.0735  2.0735  2.0735  2.0735  2.0735  2.0735  2.0735  2.0735  2.0735  2.0735  2.0735  2.0735  2.0735  2.0735  2.0735  2.0735  2.0735  2.0735  2.0735  2.0735  2.0735  2.0735  2.0735  2.0735  2.0735  2.0735  2.0735  2.0735  2.0735  2.0735  2.0735
2.07797 2.07797 2.07797 2.07797 2.07797 2.07797 2.07797 2.07797 2.07797 2.07797 2.07797 2.07797 2.07797 2.07797 2.07797 2.07797 2.07797 2.07797 2.07797 2.07797 2.07797 2.07797 2.07797 2.07797 2.07797 2.07797 2.07797 2.07797 2.07797 2.07797 2.07797 2.07797 2.07797 2.07797 2.07797 2.07797 2.07797 2.07797 2.07797 2.07797 2.07797 2.07797 2.07797 2.07797 2.07797 2.07797 2.07797 2.07797 2.07797 2.07797 2.07797 2.07797 2.07797 2.07797 2.07797 2.07797 2.07797 2.07797 2.07797 2.07797 2.07797 2.07797 2.07797 2.07797 2.07797 2.07797 2.07797 2.07797 2.07797 2.07797 2.07797 2.07797 2.07797 2.07797 2.07797 2.07797 2.07797 2.07797 2.07797 2.07797 2.07797
2.07992 2.07992 2.07992 2.07992 2.07992 2.07992 2.07992 2.07992 2.07992 2.07992 2.07992 2.07992 2.07992 2.07992 2.07992 2.07992 2.07992 2.07992 2.07992 2.07992 2.07992 2.07992 2.07992 2.07992 2.07992 2.07992 2.07992 2.07992 2.07992 2.07992 2.07992 2.07992 2.07992 2.07992 2.07992 2.07992 2.07992 2.07992 2.07992 2.07992 2.07992 2.07992 2.07992 2.07992 2.07992 2.07992 2.07992 2.07992 2.07992 2.07992 2.07992 2.07992 2.07992 2.07992 2.07992 2.07992 2.07992 2.07992 2.07992 2.07992 2.07992 2.07992 2.07992 2.07992 2.07992 2.07992 2.07992 2.07992 2.07992 2.07992 2.07992 2.07992 2.07992 2.07992 2.07992 2.07992 2.07992 2.07992 2.07992 2.07992 2.07992
2.07951 2.07951 2.07951 2.07951 2.07951 2.07951 2.07951 2.07951 2.07951 2.07951 2.07951 2.07951 2.07951 2.07951 2.07951 2.07951 2.07951 2.07951 2.07951 2.07951 2.07951 2.07951 2.07951 2.07951 2.07951 2.07951 2.07951 2.07951 2.07951 2.07951 2.07951 2.07951 2.07951 2.07951 2.07951 2.07951 2.07951 2.07951 2.07951 2.07951 2.07951 2.07951 2.07951 2.07951 2.07951 2.07951 2.07951 2.07951 2.07951 2.07951 2.07951 2.07951 2.07951 2.07951 2.07951 2.07951 2.07951 2.07951 2.07951 2.07951 2.07951 2.07951 2.07951 2.07951 2.07951 2.07951 2.07951 2.07951 2.07951 2.07951 2.07951 2.07951 2.07951 2.07951 2.07951 2.07951 2.07951 2.07951 2.07951 2.07951 2.07951
2.07695 2.07695 2.07695 2.07695 2.07695 2.07695 2.07695 2.07695 2.07695 2.07695 2.07695 2.07695 2.07695 2.07695 2.07695 2.07695 2.07695 2.07695 2.07695 2.07695 2.07695 2.07695 2.07695 2.07695 2.07695 2.07695 2.07695 2.07695 2.07695 2.07695 2.07695 2.07695 2.07695 2.07695 2.07695 2.07695 2.07695 2.07695 2.07695 2.07695 2.07695 2.07695 2.07695 2.07695 2.07695 2.07695 2.07695 2.07695 2.07695 2.07695 2.07695 2.07695 2.07695 2.07695 2.07695 2.07695 2.07695 2.07695 2.07695 2.07695 2.07695 2.07695 2.07695 2.07695 2.07695 2.07695 2.07695 2.07695 2.07695 2.07695 2.07695 2.07695 2.07695 2.07695 2.07695 2.07695 2.07695 2.07695 2.07695 2.07695 2.07695
2.07245 2.07245 2.07245 2.07245 2.07245 2.07245 2.07245 2.07245 2.07245 2.07245 2.07245 2.07245 2.07245 2.07245 2.07245 2.07245 2.07245 2.07245 2.07245 2.07245 2.07245 2.07245 2.07245 2.07245 2.07245 2.07245 2.07245 2.07245 2.07245 2.07245 2.07245 2.07245 2.07245 2.07245 2.07245 2.07245 2.07245 2.07245 2.07245 2.07245 2.07245 2.07245 2.07245 2.07245 2.07245 2.07245 2.07245 2.07245 2.07245 2.07245 2.07245 2.07245 2.07245 2.07245 2.07245 2.07245 2.07245 2.07245 2.07245 2.07245 2.07245 2.07245 2.07245 2.07245 2.07245 2.07245 2.07245 2.07245 2.07245 2.07245 2.07245 2.07245 2.07245 2.07245 2.07245 2.07245 2.07245 2.07245 2.07245 2.07245 2.07245
2.06623 2.06623 2.06623 2.06623 2.06623 2.06623 2.06623 2.06623 2.06623 2.06623 2.06623 2.06623 2.06623 2.06623 2.06623 2.06623 2.06623 2.06623 2.06623 2.06623 2.06623 2.06623 2.06623 2.06623 2.06623 2.06623 2.06623 2.06623 2.06623 2.06623 2.06623 2.06623 2.06623 2.06623 2.06623 2.06623 2.06623 2.06623 2.06623 2.06623 2.06623 2.06623 2.06623 2.06623 2.06623 2.06623 2.06623 2.06623 2.06623 2.06623 2.06623 2.06623 2.06623 2.06623 2.06623 2.06623 2.06623 2.06623 2.06623 2.06623 2.06623 2.06623 2.06623 2.06623 2.06623 2.06623 2.06623 2.06623 2.06623 2.06623 2.06623 2.06623 2.06623 2.06623 2.06623 2.06623 2.06623 2.06623 2.06623 2.06623 2.06623
2.05851 2.05851 2.05851 2.05851 2.05851 2.05851 2.05851 2.05851 2.05851 2.05851 2.05851 2.05851 2.05851 2.05851 2.05851 2.05851 2.05851 2.05851 2.05851 2.05851 2.05851 2.05851 2.05851 2.05851 2.05851 2.05851 2.05851 2.05851 2.05851 2.05851 2.05851 2.05851 2.05851 2.05851 2.05851 2.05851 2.05851 2.05851 2.05851 2.05851 2.05851 2.05851 2.05851 2.05851 2.05851 2.05851 2.05851 2.05851 2.05851 2.05851 2.05851 2.05851 2.05851 2.05851 2.05851 2.05851 2.05851 2.05851 2.05851 2.05851 2.05851 2.05851 2.05851 2.05851 2.05851 2.05851 2.05851 2.05851 2.05851 2.05851 2.05851 2.05851 2.05851 2.05851 2.05851 2.05851 2.05851 2.05851 2.05851 2.05851 2.05851
2.04951 2.04951 2.04951 2.04951 2.04951 2.04951 2.04951 2.04951 2.04951 2.04951 2.04951 2.04951 2.04951 2.04951 2.04951 2.04951 2.04951 2.04951 2.04951 2.04951 2.04951 2.04951 2.04951 2.04951 2.04951 2.04951 2.04951 2.04951 2.04951 2.04951 2.04951 2.04951 2.04951 2.04951 2.04951 2.04951 2.04951 2.04951 2.04951 2.04951 2.04951 2.04951 2.04951 2.04951 2.04951 2.04951 2.04951 2.04951 2.04951 2.04951 2.04951 2.04951 2.04951 2.04951 2.04951 2.04951 2.04951 2.04951 2.04951 2.04951 2.04951 2.04951 2.04951 2.04951 2.04951 2.04951 2.04951 2.04951 2.04951 2.04951 2.04951 2.04951 2.04951 2.04951 2.04951 2.04951 2.04951 2.04951 2.04951 2.04951 2.04951
2.03945 2.03945 2.03945 2.03945 2.03945 2.03945 2.03945 2.03945 2.03945 2.03945 2.03945 2.03945 2.03945 2.03945 2.03945 2.03945 2.03945 2.03945 2.03945 2.03945 2.03945 2.03945 2.03945 2.03945 2.03945 2.03945 2.03945 2.03945 2.03945 2.03945 2.03945 2.03945 2.03945 2.03945 2.03945 2.03945 2.03945 2.03945 2.03945 2.03945 2.03945 2.03945 2.03945 2.03945 2.03945 2.03945 2.03945 2.03945 2.03945 2.03945 2.03945 2.03945 2.03945 2.03945 2.03945 2.03945 2.03945 2.03945 2.03945 2.03945 2.03945 2.03945 2.03945 2.03945 2.03945 2.03945 2.03945 2.03945 2.03945 2.03945 2.03945 2.03945 2.03945 2.03945 2.03945 2.03945 2.03945 2.03945 2.03945 2.03945 2.03945
2.02853 2.02853 2.02853 2.02853 2.02853 2.02853 2.02853 2.02853 2.02853 2.02853 2.02853 2.02853 2.02853 2.02853 2.02853 2.02853 2.02853 2.02853 2.02853 2.02853 2.02853 2.02853 2.02853 2.02853 2.02853 2.02853 2.02853 2.02853 2.02853 2.02853 2.02853 2.02853 2.02853 2.02853 2.02853 2.02853 2.02853 2.02853 2.02853 2.02853 2.02853 2.02853 2.02853 2.02853 2.02853 2.02853 2.02853 2.02853 2.02853 2.02853 2.02853 2.02853 2.02853 2.02853 2.02853 2.02853 2.02853 2.02853 2.02853 2.02853 2.02853 2.02853 2.02853 2.02853 2.02853 2.02853 2.02853 2.02853 2.02853 2.02853 2.02853 2.02853 2.02853 2.02853 2.02853 2.02853 2.02853 2.02853 2.02853 2.02853 2.02853
2.01694 2.01694 2.01694 2.01694 2.01694 2.01694 2.01694 2.01694 2.01694 2.01694 2.01694 2.01694 2.01694 2.01694 2.01694 2.01694 2.01694 2.01694 2.01694 2.01694 2.01694 2.01694 2.01694 2.01694 2.01694 2.01694 2.01694 2.01694 2.01694 2.01694 2.01694 2.01694 2.01694 2.01694 2.01694 2.01694 2.01694 2.01694 2.01694 2.01694 2.01694 2.01694 2.01694 2.01694 2.01694 2.01694 2.01694 2.01694 2.01694 2.01694 2.01694 2.01694 2.01694 2.01694 2.01694 2.01694 2.01694 2.01694 2.01694 2.01694 2.01694 2.01694 2.01694 2.01694 2.01694 2.01694 2.01694 2.01694 2.01694 2.01694 2.01694 2.01694 2.01694 2.01694 2.01694 2.01694 2.01694 2.01694 2.01694 2.01694 2.01694
2.00489 2.00489 2.00489 2.00489 2.00489 2.00489 2.00489 2.00489 2.00489 2.00489 2.00489 2.00489 2.00489 2.00489 2.00489 2.00489 2.00489 2.00489 2.00489 2.00489 2.00489 2.00489 2.00489 2.00489 2.00489 2.00489 2.00489 2.00489 2.00489 2.00489 2.00489 2.00489 2.00489 2.00489 2.00489 2.00489 2.00489 2.00489 2.00489 2.00489 2.00489 2.00489 2.00489 2.00489 2.00489 2.00489 2.00489 2.00489 2.00489 2.00489 2.00489 2.00489 2.00489 2.00489 2.00489 2.00489 2.00489 2.00489 2.00489 2.00489 2.00489 2.00489 2.00489 2.00489 2.00489 2.00489 2.00489 2.00489 2.00489 2.00489 2.00489 2.00489 2.00489 2.00489 2.00489 2.00489 2.00489 2.00489 2.00489 2.00489 2.00489
1.99254 1.99254 1.99254 1.99254 1.99254 1.99254 1.99254 1.99254 1.99254 1.99254 1.99254 1.99254 1.99254 1.99254 1.99254 1.99254 1.99254 1.99254 1.99254 1.99254 1.99254 1.99254 1.99254 1.99254 1.99254 1.99254 1.99254 1.99254 1.99254 1.99254 1.99254 1.99254 1.99254 1.99254 1.99254 1.99254 1.99254 1.99254 1.99254 1.99254 1.99254 1.99254 1.99254 1.99254 1.99254 1.99254 1.99254 1.99254 1.99254 1.99254 1.99254 1.99254 1.99254 1.99254 1.99254 1.99254 1.99254 1.99254 1.99254 1.99254 1.99254 1.99254 1.99254 1.99254 1.99254 1.99254 1.99254 1.99254 1.99254 1.99254 1.99254 1.99254 1.99254 1.99254 1.99254 1.99254 1.99254 1.99254 1.99254 1.99254 1.99254
1.98006 1.98006 1.98006 1.98006 1.98006 1.98006 1.98006 1.98006 1.98006 1.98006 1.98006 1.98006 1.98006 1.98006 1.98006 1.98006 1.98006 1.98006 1.98006 1.98006 1.98006 1.98006 1.98006 1.98006 1.98006 1.98006 1.98006 1.98006 1.98006 1.98006 1.98006 1.98006 1.98006 1.98006 1.98006 1.98006 1.98006 1.98006 1.98006 1.98006 1.98006 1.98006 1.98006 1.98006 1.98006 1.98006 1.98006 1.98006 1.98006 1.98006 1.98006 1.98006 1.98006 1.98006 1.98006 1.98006 1.98006 1.98006 1.98006 1.98006 1.98006 1.98006 1.98006 1.98006 1.98006 1.98006 1.98006 1.98006 1.98006 1.98006 1.98006 1.98006 1.98006 1.98006 1.98006 1.98006 1.98006 1.98006 1.98006 1.98006 1.98006
 1.9676  1.9676  1.9676  1.9676  1.9676  1.9676  1.9676  1.9676  1.9676  1.9676  1.9676  1.9676  1.9676  1.9676  1.9676  1.9676  1.9676  1.9676  1.9676  1.9676  1.9676  1.9676  1.9676  1.9676  1.9676  1.9676  1.9676  1.9676  1.9676  1.9676  1.9676  1.9676  1.9676  1.9676  1.9676  1.9676  1.9676  1.9676  1.9676  1.9676  1.9676  1.9676  1.9676  1.9676  1.9676  1.9676  1.9676  1.9676  1.9676  1.9676  1.9676  1.9676  1.9676  1.9676  1.9676  1.9676  1.9676  1.9676  1.9676  1.9676  1.9676  1.9676  1.9676  1.9676  1.9676  1.9676  1.9676  1.9676  1.9676  1.9676  1.9676  1.9676  1.9676  1.9676  1.9676  1.9676  1.9676  1.9676  1.9676  1.9676  1.9676
1.95529 1.95529 1.95529 1.95529 1.95529 1.95529 1.95529 1.95529 1.95529 1.95529 1.95529 1.95529 1.95529 1.95529 1.95529 1.95529 1.95529 1.95529 1.95529 1.95529 1.95529 1.95529 1.95529 1.95529 1.95529 1.95529 1.95529 1.95529 1.95529 1.95529 1.95529 1.95529 1.95529 1.95529 1.95529 1.95529 1.95529 1.95529 1.95529 1.95529 1.95529 1.95529 1.95529 1.95529 1.95529 1.95529 1.95529 1.95529 1.95529 1.95529 1.95529 1.95529 1.95529 1.95529 1.95529 1.95529 1.95529 1.95529 1.95529 1.95529 1.95529 1.95529 1.95529 1.95529 1.95529 1.95529 1.95529 1.95529 1.95529 1.95529 1.95529 1.95529 1.95529 1.95529 1.95529 1.95529 1.95529 1.95529 1.95529 1.95529 1.95529
1.94325 1.94325 1.94325 1.94325 1.94325 1.94325 1.94325 1.94325 1.94325 1.94325 1.94325 1.94325 1.94325 1.94325 1.94325 1.94325 1.94325 1.94325 1.94325 1.94325 1.94325 1.94325 1.94325 1.94325 1.94325 1.94325 1.94325 1.94325 1.94325 1.94325 1.94325 1.94325 1.94325 1.94325 1.94325 1.94325 1.94325 1.94325 1.94325 1.94325 1.94325 1.94325 1.94325 1.94325 1.94325 1.94325 1.94325 1.94325 1.94325 1.94325 1.94325 1.94325 1.94325 1.94325 1.94325 1.94325 1.94325 1.94325 1.94325 1.94325 1.94325 1.94325 1.94325 1.94325 1.94325 1.94325 1.94325 1.94325 1.94325 1.94325 1.94325 1.94325 1.94325 1.94325 1.94325 1.94325 1.94325 1.94325 1.94325 1.94325 1.94325
1.93159 1.93159 1.93159 1.93159 1.93159 1.93159 1.93159 1.93159 1.93159 1.93159 1.93159 1.93159 1.93159 1.93159 1.93159 1.93159 1.93159 1.93159 1.93159 1.93159 1.93159 1.93159 1.93159 1.93159 1.93159 1.93159 1.93159 1.93159 1.93159 1.93159 1.93159 1.93159 1.93159 1.93159 1.93159 1.93159 1.93159 1.93159 1.93159 1.93159 1.93159 1.93159 1.93159 1.93159 1.93159 1.93159 1.93159 1.93159 1.93159 1.93159 1.93159 1.93159 1.93159 1.93159 1.93159 1.93159 1.93159 1.93159 1.93159 1.93159 1.93159 1.93159 1.93159 1.93159 1.93159 1.93159 1.93159 1.93159 1.93159 1.93159 1.93159 1.93159 1.93159 1.93159 1.93159 1.93159 1.93159 1.93159 1.93159 1.93159 1.93159
1.92039 1.92039 1.92039 1.92039 1.92039 1.92039 1.92039 1.92039 1.92039 1.92039 1.92039 1.92039 1.92039 1.92039 1.92039 1.92039 1.92039 1.92039 1.92039 1.92039 1.92039 1.92039 1.92039 1.92039 1.92039 1.92039 1.92039 1.92039 1.92039 1.92039 1.92039 1.92039 1.92039 1.92039 1.92039 1.92039 1.92039 1.92039 1.92039 1.92039 1.92039 1.92039 1.92039 1.92039 1.92039 1.92039 1.92039 1.92039 1.92039 1.92039 1.92039 1.92039 1.92039 1.92039 1.92039 1.92039 1.92039 1.92039 1.92039 1.92039 1.92039 1.92039 1.92039 1.92039 1.92039 1.92039 1.92039 1.92039 1.92039 1.92039 1.92039 1.92039 1.92039 1.92039 1.92039 1.92039 1.92039 1.92039 1.92039 1.92039 1.92039
1.90973 1.90973 1.90973 1.90973 1.90973 1.90973 1.90973 1.90973 1.90973 1.90973 1.90973 1.90973 1.90973 1.90973 1.90973 1.90973 1.90973 1.90973 1.90973 1.90973 1.90973 1.90973 1.90973 1.90973 1.90973 1.90973 1.90973 1.90973 1.90973 1.90973 1.90973 1.90973 1.90973 1.90973 1.90973 1.90973 1.90973 1.90973 1.90973 1.90973 1.90973 1.90973 1.90973 1.90973 1.90973 1.90973 1.90973 1.90973 1.90973 1.90973 1.90973 1.90973 1.90973 1.90973 1.90973 1.90973 1.90973 1.90973 1.90973 1.90973 1.90973 1.90973 1.90973 1.90973 1.90973 1.90973 1.90973 1.90973 1.90973 1.90973 1.90973 1.90973 1.90973 1.90973 1.90973 1.90973 1.90973 1.90973 1.90973 1.90973 1.90973
1.89966 1.89966 1.89966 1.89966 1.89966 1.89966 1.89966 1.89966 1.89966 1.89966 1.89966 1.89966 1.89966 1.89966 1.89966 1.89966 1.89966 1.89966 1.89966 1.89966 1.89966 1.89966 1.89966 1.89966 1.89966 1.89966 1.89966 1.89966 1.89966 1.89966 1.89966 1.89966 1.89966 1.89966 1.89966 1.89966 1.89966 1.89966 1.89966 1.89966 1.89966 1.89966 1.89966 1.89966 1.89966 1.89966 1.89966 1.89966 1.89966 1.89966 1.89966 1.89966 1.89966 1.89966 1.89966 1.89966 1.89966 1.89966 1.89966 1.89966 1.89966 1.89966 1.89966 1.89966 1.89966 1.89966 1.89966 1.89966 1.89966 1.89966 1.89966 1.89966 1.89966 1.89966 1.89966 1.89966 1.89966 1.89966 1.89966 1.89966 1.89966
 1.8902  1.8902  1.8902  1.8902  1.8902  1.8902  1.8902  1.8902  1.8902  1.8902  1.8902  1.8902  1.8902  1.8902  1.8902  1.8902  1.8902  1.8902  1.8902  1.8902  1.8902  1.8902  1.8902  1.8902  1.8902  1.8902  1.8902  1.8902  1.8902  1.8902  1.8902  1.8902  1.8902  1.8902  1.8902  1.8902  1.8902  1.8902  1.8902  1.8902  1.8902  1.8902  1.8902  1.8902  1.8902  1.8902  1.8902  1.8902  1.8902  1.8902  1.8902  1.8902  1.8902  1.8902  1.8902  1.8902  1.8902  1.8902  1.8902  1.8902  1.8902  1.8902  1.8902  1.8902  1.8902  1.8902  1.8902  1.8902  1.8902  1.8902  1.8902  1.8902  1.8902  1.8902  1.8902  1.8902  1.8902  1.8902  1.8902  1.8902  1.8902
1.88139 1.88139 1.88139 1.88139 1.88139 1.88139 1.88139 1.88139 1.88139 1.88139 1.88139 1.88139 1.88139 1.88139 1.88139 1.88139 1.88139 1.88139 1.88139 1.88139 1.88139 1.88139 1.88139 1.88139 1.88139 1.88139 1.88139 1.88139 1.88139 1.88139 1.88139 1.88139 1.88139 1.88139 1.88139 1.88139 1.88139 1.88139 1.88139 1.88139 1.88139 1.88139 1.88139 1.88139 1.88139 1.88139 1.88139 1.88139 1.88139 1.88139 1.88139 1.88139 1.88139 1.88139 1.88139 1.88139 1.88139 1.88139 1.88139 1.88139 1.88139 1.88139 1.88139 1.88139 1.88139 1.88139 1.88139 1.88139 1.88139 1.88139 1.88139 1.88139 1.88139 1.88139 1.88139 1.88139 1.88139 1.88139 1.88139 1.88139 1.88139
1.87322 1.87322 1.87322 1.87322 1.87322 1.87322 1.87322 1.87322 1.87322 1.87322 1.87322 1.87322 1.87322 1.87322 1.87322 1.87322 1.87322 1.87322 1.87322 1.87322 1.87322 1.87322 1.87322 1.87322 1.87322 1.87322 1.87322 1.87322 1.87322 1.87322 1.87322 1.87322 1.87322 1.87322 1.87322 1.87322 1.87322 1.87322 1.87322 1.87322 1.87322 1.87322 1.87322 1.87322 1.87322 1.87322 1.87322 1.87322 1.87322 1.87322 1.87322 1.87322 1.87322 1.87322 1.87322 1.87322 1.87322 1.87322 1.87322 1.87322 1.87322 1.87322 1.87322 1.87322 1.87322 1.87322 1.87322 1.87322 1.87322 1.87322 1.87322 1.87322 1.87322 1.87322 1.87322 1.87322 1.87322 1.87322 1.87322 1.87322 1.87322
1.86568 1.86568 1.86568 1.86568 1.86568 1.86568 1.86568 1.86568 1.86568 1.86568 1.86568 1.86568 1.86568 1.86568 1.86568 1.86568 1.86568 1.86568 1.86568 1.86568 1.86568 1.86568 1.86568 1.86568 1.86568 1.86568 1.86568 1.86568 1.86568 1.86568 1.86568 1.86568 1.86568 1.86568 1.86568 1.86568 1.86568 1.86568 1.86568 1.86568 1.86568 1.86568 1.86568 1.86568 1.86568 1.86568 1.86568 1.86568 1.86568 1.86568 1.86568 1.86568 1.86568 1.86568 1.86568 1.86568 1.86568 1.86568 1.86568 1.86568 1.86568 1.86568 1.86568 1.86568 1.86568 1.86568 1.86568 1.86568 1.86568 1.86568 1.86568 1.86568 1.86568 1.86568 1.86568 1.86568 1.86568 1.86568 1.86568 1.86568 1.86568
1.85871 1.85871 1.85871 1.85871 1.85871 1.85871 1.85871 1.85871 1.85871 1.85871 1.85871 1.85871 1.85871 1.85871 1.85871 1.85871 1.85871 1.85871 1.85871 1.85871 1.85871 1.85871 1.85871 1.85871 1.85871 1.85871 1.85871 1.85871 1.85871 1.85871 1.85871 1.85871 1.85871 1.85871 1.85871 1.85871 1.85871 1.85871 1.85871 1.85871 1.85871 1.85871 1.85871 1.85871 1.85871 1.85871 1.85871 1.85871 1.85871 1.85871 1.85871 1.85871 1.85871 1.85871 1.85871 1.85871 1.85871 1.85871 1.85871 1.85871 1.85871 1.85871 1.85871 1.85871 1.85871 1.85871 1.85871 1.85871 1.85871 1.85871 1.85871 1.85871 1.85871 1.85871 1.85871 1.85871 1.85871 1.85871 1.85871 1.85871 1.85871
1.85228 1.85228 1.85228 1.85228 1.85228 1.85228 1.85228 1.85228 1.85228 1.85228 1.85228 1.85228 1.85228 1.85228 1.85228 1.85228 1.85228 1.85228 1.85228 1.85228 1.85228 1.85228 1.85228 1.85228 1.85228 1.85228 1.85228 1.85228 1.85228 1.85228 1.85228 1.85228 1.85228 1.85228 1.85228 1.85228 1.85228 1.85228 1.85228 1.85228 1.85228 1.85228 1.85228 1.85228 1.85228 1.85228 1.85228 1.85228 1.85228 1.85228 1.85228 1.85228 1.85228 1.85228 1.85228 1.85228 1.85228 1.85228 1.85228 1.85228 1.85228 1.85228 1.85228 1.85228 1.85228 1.85228 1.85228 1.85228 1.85228 1.85228 1.85228 1.85228 1.85228 1.85228 1.85228 1.85228 1.85228 1.85228 1.85228 1.85228 1.85228
1.84635 1.84635 1.84635 1.84635 1.84635 1.84635 1.84635 1.84635 1.84635 1.84635 1.84635 1.84635 1.84635 1.84635 1.84635 1.84635 1.84635 1.84635 1.84635 1.84635 1.84635 1.84635 1.84635 1.84635 1.84635 1.84635 1.84635 1.84635 1.84635 1.84635 1.84635 1.84635 1.84635 1.84635 1.84635 1.84635 1.84635 1.84635 1.84635 1.84635 1.84635 1.84635 1.84635 1.84635 1.84635 1.84635 1.84635 1.84635 1.84635 1.84635 1.84635 1.84635 1.84635 1.84635 1.84635 1.84635 1.84635 1.84635 1.84635 1.84635 1.84635 1.84635 1.84635 1.84635 1.84635 1.84635 1.84635 1.84635 1.84635 1.84635 1.84635 1.84635 1.84635 1.84635 1.84635 1.84635 1.84635 1.84635 1.84635 1.84635 1.84635
1.84087 1.84087 1.84087 1.84087 1.84087 1.84087 1.84087 1.84087 1.84087 1.84087 1.84087 1.84087 1.84087 1.84087 1.84087 1.84087 1.84087 1.84087 1.84087 1.84087 1.84087 1.84087 1.84087 1.84087 1.84087 1.84087 1.84087 1.84087 1.84087 1.84087 1.84087 1.84087 1.84087 1.84087 1.84087 1.84087 1.84087 1.84087 1.84087 1.84087 1.84087 1.84087 1.84087 1.84087 1.84087 1.84087 1.84087 1.84087 1.84087 1.84087 1.84087 1.84087 1.84087 1.84087 1.84087 1.84087 1.84087 1.84087 1.84087 1.84087 1.84087 1.84087 1.84087 1.84087 1.84087 1.84087 1.84087 1.84087 1.84087 1.84087 1.84087 1.84087 1.84087 1.84087 1.84087 1.84087 1.84087 1.84087 1.84087 1.84087 1.84087
1.83582 1.83582 1.83582 1.83582 1.83582 1.83582 1.83582 1.83582 1.83582 1.83582 1.83582 1.83582 1.83582 1.83582 1.83582 1.83582 1.83582 1.83582 1.83582 1.83582 1.83582 1.83582 1.83582 1.83582 1.83582 1.83582 1.83582 1.83582 1.83582 1.83582 1.83582 1.83582 1.83582 1.83582 1.83582 1.83582 1.83582 1.83582 1.83582 1.83582 1.83582 1.83582 1.83582 1.83582 1.83582 1.83582 1.83582 1.83582 1.83582 1.83582 1.83582 1.83582 1.83582 1.83582 1.83582 1.83582 1.83582 1.83582 1.83582 1.83582 1.83582 1.83582 1.83582 1.83582 1.83582 1.83582 1.83582 1.83582 1.83582 1.83582 1.83582 1.83582 1.83582 1.83582 1.83582 1.83582 1.83582 1.83582 1.83582 1.83582 1.83582
1.83116 1.83116 1.83116 1.83116 1.83116 1.83116 1.83116 1.83116 1.83116 1.83116 1.83116 1.83116 1.83116 1.83116 1.83116 1.83116 1.83116 1.83116 1.83116 1.83116 1.83116 1.83116 1.83116 1.83116 1.83116 1.83116 1.83116 1.83116 1.83116 1.83116 1.83116 1.83116 1.83116 1.83116 1.83116 1.83116 1.83116 1.83116 1.83116 1.83116 1.83116 1.83116 1.83116 1.83116 1.83116 1.83116 1.83116 1.83116 1.83116 1.83116 1.83116 1.83116 1.83116 1.83116 1.83116 1.83116 1.83116 1.83116 1.83116 1.83116 1.83116 1.83116 1.83116 1.83116 1.83116 1.83116 1.83116 1.83116 1.83116 1.83116 1.83116 1.83116 1.83116 1.83116 1.83116 1.83116 1.83116 1.83116 1.83116 1.83116 1.83116
1.82686 1.82686 1.82686 1.82686 1.82686 1.82686 1.82686 1.82686 1.82686 1.82686 1.82686 1.82686 1.82686 1.82686 1.82686 1.82686 1.82686 1.82686 1.82686 1.82686 1.82686 1.82686 1.82686 1.82686 1.82686 1.82686 1.82686 1.82686 1.82686 1.82686 1.82686 1.82686 1.82686 1.82686 1.82686 1.82686 1.82686 1.82686 1.82686 1.82686 1.82686 1.82686 1.82686 1.82686 1.82686 1.82686 1.82686 1.82686 1.82686 1.82686 1.82686 1.82686 1.82686 1.82686 1.82686 1.82686 1.82686 1.82686 1.82686 1.82686 1.82686 1.82686 1.82686 1.82686 1.82686 1.82686 1.82686 1.82686 1.82686 1.82686 1.82686 1.82686 1.82686 1.82686 1.82686 1.82686 1.82686 1.82686 1.82686 1.82686 1.82686
 1.8229  1.8229  1.8229  1.8229  1.8229  1.8229  1.8229  1.8229  1.8229  1.8229  1.8229  1.8229  1.8229  1.8229  1.8229  1.8229  1.8229  1.8229  1.8229  1.8229  1.8229  1.8229  1.8229  1.8229  1.8229  1.8229  1.8229  1.8229  1.8229  1.8229  1.8229  1.8229  1.8229  1.8229  1.8229  1.8229  1.8229  1.8229  1.8229  1.8229  1.8229  1.8229  1.8229  1.8229  1.8229  1.8229  1.8229  1.8229  1.8229  1.8229  1.8229  1.8229  1.8229  1.8229  1.8229  1.8229  1.8229  1.8229  1.8229  1.8229  1.8229  1.8229  1.8229  1.8229  1.8229  1.8229  1.8229  1.8229  1.8229  1.8229  1.8229  1.8229  1.8229  1.8229  1.8229  1.8229  1.8229  1.8229  1.8229  1.8229  1.8229
1.81926 1.81926 1.81926 1.81926 1.81926 1.81926 1.81926 1.81926 1.81926 1.81926 1.81926 1.81926 1.81926 1.81926 1.81926 1.81926 1.81926 1.81926 1.81926 1.81926 1.81926 1.81926 1.81926 1.81926 1.81926 1.81926 1.81926 1.81926 1.81926 1.81926 1.81926 1.81926 1.81926 1.81926 1.81926 1.81926 1.81926 1.81926 1.81926 1.81926 1.81926 1.81926 1.81926 1.81926 1.81926 1.81926 1.81926 1.81926 1.81926 1.81926 1.81926 1.81926 1.81926 1.81926 1.81926 1.81926 1.81926 1.81926 1.81926 1.81926 1.81926 1.81926 1.81926 1.81926 1.81926 1.81926 1.81926 1.81926 1.81926 1.81926 1.81926 1.81926 1.81926 1.81926 1.81926 1.81926 1.81926 1.81926 1.81926 1.81926 1.81926
 1.8159  1.8159  1.8159  1.8159  1.8159  1.8159  1.8159  1.8159  1.8159  1.8159  1.8159  1.8159  1.8159  1.8159  1.8159  1.8159  1.8159  1.8159  1.8159  1.8159  1.8159  1.8159  1.8159  1.8159  1.8159  1.8159  1.8159  1.8159  1.8159  1.8159  1.8159  1.8159  1.8159  1.8159  1.8159  1.8159  1.8159  1.8159  1.8159  1.8159  1.8159  1.8159  1.8159  1.8159  1.8159  1.8159  1.8159  1.8159  1.8159  1.8159  1.8159  1.8159  1.8159  1.8159  1.8159  1.8159  1.8159  1.8159  1.8159  1.8159  1.8159  1.8159  1.8159  1.8159  1.8159  1.8159  1.8159  1.8159  1.8159  1.8159  1.8159  1.8159  1.8159  1.8159  1.8159  1.8159  1.8159  1.8159  1.8159  1.8159  1.8159
1.81279 1.81279 1.81279 1.81279 1.81279 1.81279 1.81279 1.81279 1.81279 1.81279 1.81279 1.81279 1.81279 1.81279 1.81279 1.81279 1.81279 1.81279 1.81279 1.81279 1.81279 1.81279 1.81279 1.81279 1.81279 1.81279 1.81279 1.81279 1.81279 1.81279 1.81279 1.81279 1.81279 1.81279 1.81279 1.81279 1.81279 1.81279 1.81279 1.81279 1.81279 1.81279 1.81279 1.81279 1.81279 1.81279 1.81279 1.81279 1.81279 1.81279 1.81279 1.81279 1.81279 1.81279 1.81279 1.81279 1.81279 1.81279 1.81279 1.81279 1.81279 1.81279 1.81279 1.81279 1.81279 1.81279 1.81279 1.81279 1.81279 1.81279 1.81279 1.81279 1.81279 1.81279 1.81279 1.81279 1.81279 1.81279 1.81279 1.81279 1.81279
1.80994 1.80994 1.80994 1.80994 1.80994 1.80994 1.80994 1.80994 1.80994 1.80994 1.80994 1.80994 1.80994 1.80994 1.80994 1.80994 1.80994 1.80994 1.80994 1.80994 1.80994 1.80994 1.80994 1.80994 1.80994 1.80994 1.80994 1.80994 1.80994 1.80994 1.80994 1.80994 1.80994 1.80994 1.80994 1.80994 1.80994 1.80994 1.80994 1.80994 1.80994 1.80994 1.80994 1.80994 1.80994 1.80994 1.80994 1.80994 1.80994 1.80994 1.80994 1.80994 1.80994 1.80994 1.80994 1.80994 1.80994 1.80994 1.80994 1.80994 1.80994 1.80994 1.80994 1.80994 1.80994 1.80994 1.80994 1.80994 1.80994 1.80994 1.80994 1.80994 1.80994 1.80994 1.80994 1.80994 1.80994 1.80994 1.80994 1.80994 1.80994
1.80733 1.80733 1.80733 1.80733 1.80733 1.80733 1.80733 1.80733 1.80733 1.80733 1.80733 1.80733 1.80733 1.80733 1.80733 1.80733 1.80733 1.80733 1.80733 1.80733 1.80733 1.80733 1.80733 1.80733 1.80733 1.80733 1.80733 1.80733 1.80733 1.80733 1.80733 1.80733 1.80733 1.80733 1.80733 1.80733 1.80733 1.80733 1.80733 1.80733 1.80733 1.80733 1.80733 1.80733 1.80733 1.80733 1.80733 1.80733 1.80733 1.80733 1.80733 1.80733 1.80733 1.80733 1.80733 1.80733 1.80733 1.80733 1.80733 1.80733 1.80733 1.80733 1.80733 1.80733 1.80733 1.80733 1.80733 1.80733 1.80733 1.80733 1.80733 1.80733 1.80733 1.80733 1.80733 1.80733 1.80733 1.80733 1.80733 1.80733 1.80733
1.80493 1.80493 1.80493 1.80493 1.80493 1.80493 1.80493 1.80493 1.80493 1.80493 1.80493 1.80493 1.80493 1.80493 1.80493 1.80493 1.80493 1.80493 1.80493 1.80493 1.80493 1.80493 1.80493 1.80493 1.80493 1.80493 1.80493 1.80493 1.80493 1.80493 1.80493 1.80493 1.80493 1.80493 1.80493 1.80493 1.80493 1.80493 1.80493 1.80493 1.80493 1.80493 1.80493 1.80493 1.80493 1.80493 1.80493 1.80493 1.80493 1.80493 1.80493 1.80493 1.80493 1.80493 1.80493 1.80493 1.80493 1.80493 1.80493 1.80493 1.80493 1.80493 1.80493 1.80493 1.80493 1.80493 1.80493 1.80493 1.80493 1.80493 1.80493 1.80493 1.80493 1.80493 1.80493 1.80493 1.80493 1.80493 1.80493 1.80493 1.80493
1.80274 1.80274 1.80274 1.80274 1.80274 1.80274 1.80274 1.80274 1.80274 1.80274 1.80274 1.80274 1.80274 1.80274 1.80274 1.80274 1.80274 1.80274 1.80274 1.80274 1.80274 1.80274 1.80274 1.80274 1.80274 1.80274 1.80274 1.80274 1.80274 1.80274 1.80274 1.80274 1.80274 1.80274 1.80274 1.80274 1.80274 1.80274 1.80274 1.80274 1.80274 1.80274 1.80274 1.80274 1.80274 1.80274 1.80274 1.80274 1.80274 1.80274 1.80274 1.80274 1.80274 1.80274 1.80274 1.80274 1.80274 1.80274 1.80274 1.80274 1.80274 1.80274 1.80274 1.80274 1.80274 1.80274 1.80274 1.80274 1.80274 1.80274 1.80274 1.80274 1.80274 1.80274 1.80274 1.80274 1.80274 1.80274 1.80274 1.80274 1.80274
1.80073 1.80073 1.80073 1.80073 1.80073 1.80073 1.80073 1.80073 1.80073 1.80073 1.80073 1.80073 1.80073 1.80073 1.80073 1.80073 1.80073 1.80073 1.80073 1.80073 1.80073 1.80073 1.80073 1.80073 1.80073 1.80073 1.80073 1.80073 1.80073 1.80073 1.80073 1.80073 1.80073 1.80073 1.80073 1.80073 1.80073 1.80073 1.80073 1.80073 1.80073 1.80073 1.80073 1.80073 1.80073 1.80073 1.80073 1.80073 1.80073 1.80073 1.80073 1.80073 1.80073 1.80073 1.80073 1.80073 1.80073 1.80073 1.80073 1.80073 1.80073 1.80073 1.80073 1.80073 1.80073 1.80073 1.80073 1.80073 1.80073 1.80073 1.80073 1.80073 1.80073 1.80073 1.80073 1.80073 1.80073 1.80073 1.80073 1.80073 1.80073
1.79885 1.79885 1.79885 1.79885 1.79885 1.79885 1.79885 1.79885 1.79885 1.79885 1.79885 1.79885 1.79885 1.79885 1.79885 1.79885 1.79885 1.79885 1.79885 1.79885 1.79885 1.79885 1.79885 1.79885 1.79885 1.79885 1.79885 1.79885 1.79885 1.79885 1.79885 1.79885 1.79885 1.79885 1.79885 1.79885 1.79885 1.79885 1.79885 1.79885 1.79885 1.79885 1.79885 1.79885 1.79885 1.79885 1.79885 1.79885 1.79885 1.79885 1.79885 1.79885 1.79885 1.79885 1.79885 1.79885 1.79885 1.79885 1.79885 1.79885 1.79885 1.79885 1.79885 1.79885 1.79885 1.79885 1.79885 1.79885 1.79885 1.79885 1.79885 1.79885 1.79885 1.79885 1.79885 1.79885 1.79885 1.79885 1.79885 1.79885 1.79885
1.79702 1.79702 1.79702 1.79702 1.79702 1.79702 1.79702 1.79702 1.79702 1.79702 1.79702 1.79702 1.79702 1.79702 1.79702 1.79702 1.79702 1.79702 1.79702 1.79702 1.79702 1.79702 1.79702 1.79702 1.79702 1.79702 1.79702 1.79702 1.79702 1.79702 1.79702 1.79702 1.79702 1.79702 1.79702 1.79702 1.79702 1.79702 1.79702 1.79702 1.79702 1.79702 1.79702 1.79702 1.79702 1.79702 1.79702 1.79702 1.79702 1.79702 1.79702 1.79702 1.79702 1.79702 1.79702 1.79702 1.79702 1.79702 1.79702 1.79702 1.79702 1.79702 1.79702 1.79702 1.79702 1.79702 1.79702 1.79702 1.79702 1.79702 1.79702 1.79702 1.79702 1.79702 1.79702 1.79702 1.79702 1.79702 1.79702 1.79702 1.79702
 1.7951  1.7951  1.7951  1.7951  1.7951  1.7951  1.7951  1.7951  1.7951  1.7951  1.7951  1.7951  1.7951  1.7951  1.7951  1.7951  1.7951  1.7951  1.7951  1.7951  1.7951  1.7951  1.7951  1.7951  1.7951  1.7951  1.7951  1.7951  1.7951  1.7951  1.7951  1.7951  1.7951  1.7951  1.7951  1.7951  1.7951  1.7951  1.7951  1.7951  1.7951  1.7951  1.7951  1.7951  1.7951  1.7951  1.7951  1.7951  1.7951  1.7951  1.7951  1.7951  1.7951  1.7951  1.7951  1.7951  1.7951  1.7951  1.7951  1.7951  1.7951  1.7951  1.7951  1.7951  1.7951  1.7951  1.7951  1.7951  1.7951  1.7951  1.7951  1.7951  1.7951  1.7951  1.7951  1.7951  1.7951  1.7951  1.7951  1.7951  1.7951
1.79281 1.79281 1.79281 1.79281 1.79281 1.79281 1.79281 1.79281 1.79281 1.79281 1.79281 1.79281 1.79281 1.79281 1.79281 1.79281 1.79281 1.79281 1.79281 1.79281 1.79281 1.79281 1.79281 1.79281 1.79281 1.79281 1.79281 1.79281 1.79281 1.79281 1.79281 1.79281 1.79281 1.79281 1.79281 1.79281 1.79281 1.79281 1.79281 1.79281 1.79281 1.79281 1.79281 1.79281 1.79281 1.79281 1.79281 1.79281 1.79281 1.79281 1.79281 1.79281 1.79281 1.79281 1.79281 1.79281 1.79281 1.79281 1.79281 1.79281 1.79281 1.79281 1.79281 1.79281 1.79281 1.79281 1.79281 1.79281 1.79281 1.79281 1.79281 1.79281 1.79281 1.79281 1.79281 1.79281 1.79281 1.79281 1.79281 1.79281 1.79281
1.78987 1.78987 1.78987 1.78987 1.78987 1.78987 1.78987 1.78987 1.78987 1.78987 1.78987 1.78987 1.78987 1.78987 1.78987 1.78987 1.78987 1.78987 1.78987 1.78987 1.78987 1.78987 1.78987 1.78987 1.78987 1.78987 1.78987 1.78987 1.78987 1.78987 1.78987 1.78987 1.78987 1.78987 1.78987 1.78987 1.78987 1.78987 1.78987 1.78987 1.78987 1.78987 1.78987 1.78987 1.78987 1.78987 1.78987 1.78987 1.78987 1.78987 1.78987 1.78987 1.78987 1.78987 1.78987 1.78987 1.78987 1.78987 1.78987 1.78987 1.78987 1.78987 1.78987 1.78987 1.78987 1.78987 1.78987 1.78987 1.78987 1.78987 1.78987 1.78987 1.78987 1.78987 1.78987 1.78987 1.78987 1.78987 1.78987 1.78987 1.78987
1.78618 1.78618 1.78618 1.78618 1.78618 1.78618 1.78618 1.78618 1.78618 1.78618 1.78618 1.78618 1.78618 1.78618 1.78618 1.78618 1.78618 1.78618 1.78618 1.78618 1.78618 1.78618 1.78618 1.78618 1.78618 1.78618 1.78618 1.78618 1.78618 1.78618 1.78618 1.78618 1.78618 1.78618 1.78618 1.78618 1.78618 1.78618 1.78618 1.78618 1.78618 1.78618 1.78618 1.78618 1.78618 1.78618 1.78618 1.78618 1.78618 1.78618 1.78618 1.78618 1.78618 1.78618 1.78618 1.78618 1.78618 1.78618 1.78618 1.78618 1.78618 1.78618 1.78618 1.78618 1.78618 1.78618 1.78618 1.78618 1.78618 1.78618 1.78618 1.78618 1.78618 1.78618 1.78618 1.78618 1.78618 1.78618 1.78618 1.78618 1.78618
 1.7817  1.7817  1.7817  1.7817  1.7817  1.7817  1.7817  1.7817  1.7817  1.7817  1.7817  1.7817  1.7817  1.7817  1.7817  1.7817  1.7817  1.7817  1.7817  1.7817  1.7817  1.7817  1.7817  1.7817  1.7817  1.7817  1.7817  1.7817  1.7817  1.7817  1.7817  1.7817  1.7817  1.7817  1.7817  1.7817  1.7817  1.7817  1.7817  1.7817  1.7817  1.7817  1.7817  1.7817  1.7817  1.7817  1.7817  1.7817  1.7817  1.7817  1.7817  1.7817  1.7817  1.7817  1.7817  1.7817  1.7817  1.7817  1.7817  1.7817  1.7817  1.7817  1.7817  1.7817  1.7817  1.7817  1.7817  1.7817  1.7817  1.7817  1.7817  1.7817  1.7817  1.7817  1.7817  1.7817  1.7817  1.7817  1.7817  1.7817  1.7817
1.77649 1.77649 1.77649 1.77649 1.77649 1.77649 1.77649 1.77649 1.77649 1.77649 1.77649 1.77649 1.77649 1.77649 1.77649 1.77649 1.77649 1.77649 1.77649 1.77649 1.77649 1.77649 1.77649 1.77649 1.77649 1.77649 1.77649 1.77649 1.77649 1.77649 1.77649 1.77649 1.77649 1.77649 1.77649 1.77649 1.77649 1.77649 1.77649 1.77649 1.77649 1.77649 1.77649 1.77649 1.77649 1.77649 1.77649 1.77649 1.77649 1.77649 1.77649 1.77649 1.77649 1.77649 1.77649 1.77649 1.77649 1.77649 1.77649 1.77649 1.77649 1.77649 1.77649 1.77649 1.77649 1.77649 1.77649 1.77649 1.77649 1.77649 1.77649 1.77649 1.77649 1.77649 1.77649 1.77649 1.77649 1.77649 1.77649 1.77649 1.77649
1.77064 1.77064 1.77064 1.77064 1.77064 1.77064 1.77064 1.77064 1.77064 1.77064 1.77064 1.77064 1.77064 1.77064 1.77064 1.77064 1.77064 1.77064 1.77064 1.77064 1.77064 1.77064 1.77064 1.77064 1.77064 1.77064 1.77064 1.77064 1.77064 1.77064 1.77064 1.77064 1.77064 1.77064 1.77064 1.77064 1.77064 1.77064 1.77064 1.77064 1.77064 1.77064 1.77064 1.77064 1.77064 1.77064 1.77064 1.77064 1.77064 1.77064 1.77064 1.77064 1.77064 1.77064 1.77064 1.77064 1.77064 1.77064 1.77064 1.77064 1.77064 1.77064 1.77064 1.77064 1.77064 1.77064 1.77064 1.77064 1.77064 1.77064 1.77064 1.77064 1.77064 1.77064 1.77064 1.77064 1.77064 1.77064 1.77064 1.77064 1.77064
 1.7643  1.7643  1.7643  1.7643  1.7643  1.7643  1.7643  1.7643  1.7643  1.7643  1.7643  1.7643  1.7643  1.7643  1.7643  1.7643  1.7643  1.7643  1.7643  1.7643  1.7643  1.7643  1.7643  1.7643  1.7643  1.7643  1.7643  1.7643  1.7643  1.7643  1.7643  1.7643  1.7643  1.7643  1.7643  1.7643  1.7643  1.7643  1.7643  1.7643  1.7643  1.7643  1.7643  1.7643  1.7643  1.7643  1.7643  1.7643  1.7643  1.7643  1.7643  1.7643  1.7643  1.7643  1.7643  1.7643  1.7643  1.7643  1.7643  1.7643  1.7643  1.7643  1.7643  1.7643  1.7643  1.7643  1.7643  1.7643  1.7643  1.7643  1.7643  1.7643  1.7643  1.7643  1.7643  1.7643  1.7643  1.7643  1.7643  1.7643  1.7643
1.75763 1.75763 1.75763 1.75763 1.75763 1.75763 1.75763 1.75763 1.75763 1.75763 1.75763 1.75763 1.75763 1.75763 1.75763 1.75763 1.75763 1.75763 1.75763 1.75763 1.75763 1.75763 1.75763 1.75763 1.75763 1.75763 1.75763 1.75763 1.75763 1.75763 1.75763 1.75763 1.75763 1.75763 1.75763 1.75763 1.75763 1.75763 1.75763 1.75763 1.75763 1.75763 1.75763 1.75763 1.75763 1.75763 1.75763 1.75763 1.75763 1.75763 1.75763 1.75763 1.75763 1.75763 1.75763 1.75763 1.75763 1.75763 1.75763 1.75763 1.75763 1.75763 1.75763 1.75763 1.75763 1.75763 1.75763 1.75763 1.75763 1.75763 1.75763 1.75763 1.75763 1.75763 1.75763 1.75763 1.75763 1.75763 1.75763 1.75763 1.75763
1.75084 1.75084 1.75084 1.75084 1.75084 1.75084 1.75084 1.75084 1.75084 1.75084 1.75084 1.75084 1.75084 1.75084 1.75084 1.75084 1.75084 1.75084 1.75084 1.75084 1.75084 1.75084 1.75084 1.75084 1.75084 1.75084 1.75084 1.75084 1.75084 1.75084 1.75084 1.75084 1.75084 1.75084 1.75084 1.75084 1.75084 1.75084 1.75084 1.75084 1.75084 1.75084 1.75084 1.75084 1.75084 1.75084 1.75084 1.75084 1.75084 1.75084 1.75084 1.75084 1.75084 1.75084 1.75084 1.75084 1.75084 1.75084 1.75084 1.75084 1.75084 1.75084 1.75084 1.75084 1.75084 1.75084 1.75084 1.75084 1.75084 1.75084 1.75084 1.75084 1.75084 1.75084 1.75084 1.75084 1.75084 1.75084 1.75084 1.75084 1.75084
1.74415 1.74415 1.74415 1.74415 1.74415 1.74415 1.74415 1.74415 1.74415 1.74415 1.74415 1.74415 1.74415 1.74415 1.74415 1.74415 1.74415 1.74415 1.74415 1.74415 1.74415 1.74415 1.74415 1.74415 1.74415 1.74415 1.74415 1.74415 1.74415 1.74415 1.74415 1.74415 1.74415 1.74415 1.74415 1.74415 1.74415 1.74415 1.74415 1.74415 1.74415 1.74415 1.74415 1.74415 1.74415 1.74415 1.74415 1.74415 1.74415 1.74415 1.74415 1.74415 1.74415 1.74415 1.74415 1.74415 1.74415 1.74415 1.74415 1.74415 1.74415 1.74415 1.74415 1.74415 1.74415 1.74415 1.74415 1.74415 1.74415 1.74415 1.74415 1.74415 1.74415 1.74415 1.74415 1.74415 1.74415 1.74415 1.74415 1.74415 1.74415
1.73769 1.73769 1.73769 1.73769 1.73769 1.73769 1.73769 1.73769 1.73769 1.73769 1.73769 1.73769 1.73769 1.73769 1.73769 1.73769 1.73769 1.73769 1.73769 1.73769 1.73769 1.73769 1.73769 1.73769 1.73769 1.73769 1.73769 1.73769 1.73769 1.73769 1.73769 1.73769 1.73769 1.73769 1.73769 1.73769 1.73769 1.73769 1.73769 1.73769 1.73769 1.73769 1.73769 1.73769 1.73769 1.73769 1.73769 1.73769 1.73769 1.73769 1.73769 1.73769 1.73769 1.73769 1.73769 1.73769 1.73769 1.73769 1.73769 1.73769 1.73769 1.73769 1.73769 1.73769 1.73769 1.73769 1.73769 1.73769 1.73769 1.73769 1.73769 1.73769 1.73769 1.73769 1.73769 1.73769 1.73769 1.73769 1.73769 1.73769 1.73769
1.73152 1.73152 1.73152 1.73152 1.73152 1.73152 1.73152 1.73152 1.73152 1.73152 1.73152 1.73152 1.73152 1.73152 1.73152 1.73152 1.73152 1.73152 1.73152 1.73152 1.73152 1.73152 1.73152 1.73152 1.73152 1.73152 1.73152 1.73152 1.73152 1.73152 1.73152 1.73152 1.73152 1.73152 1.73152 1.73152 1.73152 1.73152 1.73152 1.73152 1.73152 1.73152 1.73152 1.73152 1.73152 1.73152 1.73152 1.73152 1.73152 1.73152 1.73152 1.73152 1.73152 1.73152 1.73152 1.73152 1.73152 1.73152 1.73152 1.73152 1.73152 1.73152 1.73152 1.73152 1.73152 1.73152 1.73152 1.73152 1.73152 1.73152 1.73152 1.73152 1.73152 1.73152 1.73152 1.73152 1.73152 1.73152 1.73152 1.73152 1.73152
1.72569 1.72569 1.72569 1.72569 1.72569 1.72569 1.72569 1.72569 1.72569 1.72569 1.72569 1.72569 1.72569 1.72569 1.72569 1.72569 1.72569 1.72569 1.72569 1.72569 1.72569 1.72569 1.72569 1.72569 1.72569 1.72569 1.72569 1.72569 1.72569 1.72569 1.72569 1.72569 1.72569 1.72569 1.72569 1.72569 1.72569 1.72569 1.72569 1.72569 1.72569 1.72569 1.72569 1.72569 1.72569 1.72569 1.72569 1.72569 1.72569 1.72569 1.72569 1.72569 1.72569 1.72569 1.72569 1.72569 1.72569 1.72569 1.72569 1.72569 1.72569 1.72569 1.72569 1.72569 1.72569 1.72569 1.72569 1.72569 1.72569 1.72569 1.72569 1.72569 1.72569 1.72569 1.72569 1.72569 1.72569 1.72569 1.72569 1.72569 1.72569
1.72029 1.72029 1.72029 1.72029 1.72029 1.72029 1.72029 1.72029 1.72029 1.72029 1.72029 1.72029 1.72029 1.72029 1.72029 1.72029 1.72029 1.72029 1.72029 1.72029 1.72029 1.72029 1.72029 1.72029 1.72029 1.72029 1.72029 1.72029 1.72029 1.72029 1.72029 1.72029 1.72029 1.72029 1.72029 1.72029 1.72029 1.72029 1.72029 1.72029 1.72029 1.72029 1.72029 1.72029 1.72029 1.72029 1.72029 1.72029 1.72029 1.72029 1.72029 1.72029 1.72029 1.72029 1.72029 1.72029 1.72029 1.72029 1.72029 1.72029 1.72029 1.72029 1.72029 1.72029 1.72029 1.72029 1.72029 1.72029 1.72029 1.72029 1.72029 1.72029 1.72029 1.72029 1.72029 1.72029 1.72029 1.72029 1.72029 1.72029 1.72029
1.71519 1.71519 1.71519 1.71519 1.71519 1.71519 1.71519 1.71519 1.71519 1.71519 1.71519 1.71519 1.71519 1.71519 1.71519 1.71519 1.71519 1.71519 1.71519 1.71519 1.71519 1.71519 1.71519 1.71519 1.71519 1.71519 1.71519 1.71519 1.71519 1.71519 1.71519 1.71519 1.71519 1.71519 1.71519 1.71519 1.71519 1.71519 1.71519 1.71519 1.71519 1.71519 1.71519 1.71519 1.71519 1.71519 1.71519 1.71519 1.71519 1.71519 1.71519 1.71519 1.71519 1.71519 1.71519 1.71519 1.71519 1.71519 1.71519 1.71519 1.71519 1.71519 1.71519 1.71519 1.71519 1.71519 1.71519 1.71519 1.71519 1.71519 1.71519 1.71519 1.71519 1.71519 1.71519 1.71519 1.71519 1.71519 1.71519 1.71519 1.71519
1.71006 1.71006 1.71006 1.71006 1.71006 1.71006 1.71006 1.71006 1.71006 1.71006 1.71006 1.71006 1.71006 1.71006 1.71006 1.71006 1.71006 1.71006 1.71006 1.71006 1.71006 1.71006 1.71006 1.71006 1.71006 1.71006 1.71006 1.71006 1.71006 1.71006 1.71006 1.71006 1.71006 1.71006 1.71006 1.71006 1.71006 1.71006 1.71006 1.71006 1.71006 1.71006 1.71006 1.71006 1.71006 1.71006 1.71006 1.71006 1.71006 1.71006 1.71006 1.71006 1.71006 1.71006 1.71006 1.71006 1.71006 1.71006 1.71006 1.71006 1.71006 1.71006 1.71006 1.71006 1.71006 1.71006 1.71006 1.71006 1.71006 1.71006 1.71006 1.71006 1.71006 1.71006 1.71006 1.71006 1.71006 1.71006 1.71006 1.71006 1.71006
1.70469 1.70469 1.70469 1.70469 1.70469 1.70469 1.70469 1.70469 1.70469 1.70469 1.70469 1.70469 1.70469 1.70469 1.70469 1.70469 1.70469 1.70469 1.70469 1.70469 1.70469 1.70469 1.70469 1.70469 1.70469 1.70469 1.70469 1.70469 1.70469 1.70469 1.70469 1.70469 1.70469 1.70469 1.70469 1.70469 1.70469 1.70469 1.70469 1.70469 1.70469 1.70469 1.70469 1.70469 1.70469 1.70469 1.70469 1.70469 1.70469 1.70469 1.70469 1.70469 1.70469 1.70469 1.70469 1.70469 1.70469 1.70469 1.70469 1.70469 1.70469 1.70469 1.70469 1.70469 1.70469 1.70469 1.70469 1.70469 1.70469 1.70469 1.70469 1.70469 1.70469 1.70469 1.70469 1.70469 1.70469 1.70469 1.70469 1.70469 1.70469
1.69889 1.69889 1.69889 1.69889 1.69889 1.69889 1.69889 1.69889 1.69889 1.69889 1.69889 1.69889 1.69889 1.69889 1.69889 1.69889 1.69889 1.69889 1.69889 1.69889 1.69889 1.69889 1.69889 1.69889 1.69889 1.69889 1.69889 1.69889 1.69889 1.69889 1.69889 1.69889 1.69889 1.69889 1.69889 1.69889 1.69889 1.69889 1.69889 1.69889 1.69889 1.69889 1.69889 1.69889 1.69889 1.69889 1.69889 1.69889 1.69889 1.69889 1.69889 1.69889 1.69889 1.69889 1.69889 1.69889 1.69889 1.69889 1.69889 1.69889 1.69889 1.69889 1.69889 1.69889 1.69889 1.69889 1.69889 1.69889 1.69889 1.69889 1.69889 1.69889 1.69889 1.69889 1.69889 1.69889 1.69889 1.69889 1.69889 1.69889 1.69889
1.69251 1.69251 1.69251 1.69251 1.69251 1.69251 1.69251 1.69251 1.69251 1.69251 1.69251 1.69251 1.69251 1.69251 1.69251 1.69251 1.69251 1.69251 1.69251 1.69251 1.69251 1.69251 1.69251 1.69251 1.69251 1.69251 1.69251 1.69251 1.69251 1.69251 1.69251 1.69251 1.69251 1.69251 1.69251 1.69251 1.69251 1.69251 1.69251 1.69251 1.69251 1.69251 1.69251 1.69251 1.69251 1.69251 1.69251 1.69251 1.69251 1.69251 1.69251 1.69251 1.69251 1.69251 1.69251 1.69251 1.69251 1.69251 1.69251 1.69251 1.69251 1.69251 1.69251 1.69251 1.69251 1.69251 1.69251 1.69251 1.69251 1.69251 1.69251 1.69251 1.69251 1.69251 1.69251 1.69251 1.69251 1.69251 1.69251 1.69251 1.69251
1.68544 1.68544 1.68544 1.68544 1.68544 1.68544 1.68544 1.68544 1.68544 1.68544 1.68544 1.68544 1.68544 1.68544 1.68544 1.68544 1.68544 1.68544 1.68544 1.68544 1.68544 1.68544 1.68544 1.68544 1.68544 1.68544 1.68544 1.68544 1.68544 1.68544 1.68544 1.68544 1.68544 1.68544 1.68544 1.68544 1.68544 1.68544 1.68544 1.68544 1.68544 1.68544 1.68544 1.68544 1.68544 1.68544 1.68544 1.68544 1.68544 1.68544 1.68544 1.68544 1.68544 1.68544 1.68544 1.68544 1.68544 1.68544 1.68544 1.68544 1.68544 1.68544 1.68544 1.68544 1.68544 1.68544 1.68544 1.68544 1.68544 1.68544 1.68544 1.68544 1.68544 1.68544 1.68544 1.68544 1.68544 1.68544 1.68544 1.68544 1.68544
1.67765 1.67765 1.67765 1.67765 1.67765 1.67765 1.67765 1.67765 1.67765 1.67765 1.67765 1.67765 1.67765 1.67765 1.67765 1.67765 1.67765 1.67765 1.67765 1.67765 1.67765 1.67765 1.67765 1.67765 1.67765 1.67765 1.67765 1.67765 1.67765 1.67765 1.67765 1.67765 1.67765 1.67765 1.67765 1.67765 1.67765 1.67765 1.67765 1.67765 1.67765 1.67765 1.67765 1.67765 1.67765 1.67765 1.67765 1.67765 1.67765 1.67765 1.67765 1.67765 1.67765 1.67765 1.67765 1.67765 1.67765 1.67765 1.67765 1.67765 1.67765 1.67765 1.67765 1.67765 1.67765 1.67765 1.67765 1.67765 1.67765 1.67765 1.67765 1.67765 1.67765 1.67765 1.67765 1.67765 1.67765 1.67765 1.67765 1.67765 1.67765
 1.6692  1.6692  1.6692  1.6692  1.6692  1.6692  1.6692  1.6692  1.6692  1.6692  1.6692  1.6692  1.6692  1.6692  1.6692  1.6692  1.6692  1.6692  1.6692  1.6692  1.6692  1.6692  1.6692  1.6692  1.6692  1.6692  1.6692  1.6692  1.6692  1.6692  1.6692  1.6692  1.6692  1.6692  1.6692  1.6692  1.6692  1.6692  1.6692  1.6692  1.6692  1.6692  1.6692  1.6692  1.6692  1.6692  1.6692  1.6692  1.6692  1.6692  1.6692  1.6692  1.6692  1.6692  1.6692  1.6692  1.6692  1.6692  1.6692  1.6692  1.6692  1.6692  1.6692  1.6692  1.6692  1.6692  1.6692  1.6692  1.6692  1.6692  1.6692  1.6692  1.6692  1.6692  1.6692  1.6692  1.6692  1.6692  1.6692  1.6692  1.6692
1.66032 1.66032 1.66032 1.66032 1.66032 1.66032 1.66032 1.66032 1.66032 1.66032 1.66032 1.66032 1.66032 1.66032 1.66032 1.66032 1.66032 1.66032 1.66032 1.66032 1.66032 1.66032 1.66032 1.66032 1.66032 1.66032 1.66032 1.66032 1.66032 1.66032 1.66032 1.66032 1.66032 1.66032 1.66032 1.66032 1.66032 1.66032 1.66032 1.66032 1.66032 1.66032 1.66032 1.66032 1.66032 1.66032 1.66032 1.66032 1.66032 1.66032 1.66032 1.66032 1.66032 1.66032 1.66032 1.66032 1.66032 1.66032 1.66032 1.66032 1.66032 1.66032 1.66032 1.66032 1.66032 1.66032 1.66032 1.66032 1.66032 1.66032 1.66032 1.66032 1.66032 1.66032 1.66032 1.66032 1.66032 1.66032 1.66032 1.66032 1.66032
1.65162 1.65162 1.65162 1.65162 1.65162 1.65162 1.65162 1.65162 1.65162 1.65162 1.65162 1.65162 1.65162 1.65162 1.65162 1.65162 1.65162 1.65162 1.65162 1.65162 1.65162 1.65162 1.65162 1.65162 1.65162 1.65162 1.65162 1.65162 1.65162 1.65162 1.65162 1.65162 1.65162 1.65162 1.65162 1.65162 1.65162 1.65162 1.65162 1.65162 1.65162 1.65162 1.65162 1.65162 1.65162 1.65162 1.65162 1.65162 1.65162 1.65162 1.65162 1.65162 1.65162 1.65162 1.65162 1.65162 1.65162 1.65162 1.65162 1.65162 1.65162 1.65162 1.65162 1.65162 1.65162 1.65162 1.65162 1.65162 1.65162 1.65162 1.65162 1.65162 1.65162 1.65162 1.65162 1.65162 1.65162 1.65162 1.65162 1.65162 1.65162

