Pressure Results
      1       1       1       1       1       1       1       1       1       1       1       1       1       1       1       1       1       1       1       1       1       1       1       1       1       1       1       1       1       1       1       1       1       1       1       1       1       1       1       1       1       1       1       1       1       1       1       1       1       1       1       1       1       1       1       1       1       1       1       1       1       1       1       1       1       1       1       1       1       1       1       1       1       1       1       1       1       1       1       1       1
 1.2024 1.20215 1.20188  1.2016 1.20132 1.20105  1.2008  1.2006 1.20043 1.20029  1.2002 1.20012 1.20007 1.20004 1.20001     1.2 1.19999 1.19998 1.19997 1.19997 1.19997 1.19996 1.19996 1.19996 1.19995 1.19995 1.19995 1.19995 1.19994 1.19994 1.19994 1.19994 1.19994 1.19994 1.19993 1.19993 1.19993 1.19993 1.19993 1.19993 1.19993 1.19993 1.19993 1.19993 1.19993 1.19993 1.19993 1.19993 1.19993 1.19993 1.19993 1.19993 1.19993 1.19993 1.19994 1.19994 1.19994 1.19994 1.19994 1.19994 1.19995 1.19995 1.19995 1.19995 1.19996 1.19996 1.19996 1.19997 1.19997 1.19997 1.19998 1.19998 1.19999 1.20001 1.20003 1.20007 1.20015 1.20032 1.20064 1.20135  1.2031
1.41121 1.41092 1.41043 1.40989 1.40935 1.40883 1.40836 1.40796 1.40763 1.40737 1.40718 1.40704 1.40694 1.40687 1.40682 1.40679 1.40677 1.40675 1.40674 1.40673 1.40672 1.40672 1.40671  1.4067  1.4067 1.40669 1.40669 1.40668 1.40668 1.40668 1.40667 1.40667 1.40667 1.40666 1.40666 1.40666 1.40666 1.40665 1.40665 1.40665 1.40665 1.40665 1.40665 1.40665 1.40665 1.40665 1.40665 1.40665 1.40665 1.40665 1.40666 1.40666 1.40666 1.40666 1.40667 1.40667 1.40667 1.40667 1.40668 1.40668 1.40669 1.40669  1.4067  1.4067 1.40671 1.40671 1.40672 1.40673 1.40673 1.40674 1.40675 1.40676 1.40678  1.4068 1.40685 1.40693 1.40709  1.4074 1.40801 1.40927 1.41266
1.62139 1.62099 1.62029 1.61951 1.61874 1.61801 1.61737 1.61681 1.61636   1.616 1.61573 1.61554  1.6154  1.6153 1.61523 1.61519 1.61516 1.61513 1.61512  1.6151 1.61509 1.61508 1.61507 1.61506 1.61506 1.61505 1.61504 1.61503 1.61503 1.61502 1.61502 1.61501 1.61501   1.615   1.615   1.615 1.61499 1.61499 1.61499 1.61499 1.61499 1.61499 1.61499 1.61499 1.61499 1.61499 1.61499 1.61499 1.61499 1.61499 1.61499   1.615   1.615   1.615 1.61501 1.61501 1.61502 1.61502 1.61503 1.61503 1.61504 1.61505 1.61506 1.61506 1.61507 1.61508 1.61509  1.6151 1.61511 1.61512 1.61513 1.61515 1.61518 1.61522 1.61529 1.61541 1.61566 1.61612 1.61699 1.61874 1.62335
1.83042 1.82983 1.82891 1.82792 1.82695 1.82606 1.82527 1.82461 1.82406 1.82364 1.82331 1.82308 1.82291  1.8228 1.82272 1.82266 1.82262 1.82259 1.82257 1.82255 1.82254 1.82253 1.82251  1.8225 1.82249 1.82248 1.82247 1.82246 1.82246 1.82245 1.82244 1.82244 1.82243 1.82243 1.82242 1.82242 1.82241 1.82241 1.82241 1.82241  1.8224  1.8224  1.8224  1.8224  1.8224  1.8224  1.8224 1.82241 1.82241 1.82241 1.82241 1.82242 1.82242 1.82243 1.82243 1.82244 1.82245 1.82245 1.82246 1.82247 1.82248 1.82249  1.8225 1.82251 1.82252 1.82253 1.82254 1.82255 1.82257 1.82258  1.8226 1.82263 1.82266 1.82271 1.82281 1.82299 1.82331 1.82392 1.82505 1.82722 1.83266
2.03669 2.03593  2.0348 2.03362 2.03251  2.0315 2.03061 2.02987 2.02927 2.02881 2.02845 2.02819 2.02801 2.02788 2.02779 2.02773 2.02769 2.02765 2.02763 2.02761 2.02759 2.02757 2.02756 2.02754 2.02753 2.02752 2.02751  2.0275 2.02749 2.02748 2.02747 2.02746 2.02746 2.02745 2.02745 2.02744 2.02744 2.02743 2.02743 2.02743 2.02743 2.02742 2.02742 2.02742 2.02742 2.02742 2.02743 2.02743 2.02743 2.02744 2.02744 2.02744 2.02745 2.02746 2.02746 2.02747 2.02748 2.02749  2.0275 2.02751 2.02752 2.02753 2.02754 2.02755 2.02757 2.02758  2.0276 2.02761 2.02763 2.02765 2.02767  2.0277 2.02775 2.02782 2.02794 2.02816 2.02856  2.0293 2.03063 2.03313 2.03906
 2.2374 2.23651 2.23522 2.23393 2.23272 2.23164 2.23071 2.22993 2.22931 2.22883 2.22846  2.2282 2.22801 2.22788 2.22778 2.22772 2.22767 2.22763  2.2276 2.22758 2.22756 2.22754 2.22752 2.22751 2.22749 2.22748 2.22747 2.22746 2.22744 2.22743 2.22742 2.22742 2.22741  2.2274 2.22739 2.22739 2.22738 2.22738 2.22738 2.22737 2.22737 2.22737 2.22737 2.22737 2.22737 2.22737 2.22737 2.22738 2.22738 2.22738 2.22739  2.2274  2.2274 2.22741 2.22742 2.22743 2.22744 2.22745 2.22746 2.22747 2.22748  2.2275 2.22751 2.22753 2.22754 2.22756 2.22758  2.2276 2.22762 2.22764 2.22767  2.2277 2.22776 2.22784 2.22798 2.22824 2.22871 2.22954 2.23101 2.23367 2.23976
2.43032 2.42935 2.42798 2.42662 2.42537 2.42427 2.42334 2.42256 2.42195 2.42147 2.42111 2.42085 2.42066 2.42053 2.42043 2.42037 2.42032 2.42028 2.42025 2.42022  2.4202 2.42018 2.42016 2.42014 2.42013 2.42011  2.4201 2.42008 2.42007 2.42006 2.42005 2.42004 2.42003 2.42002 2.42002 2.42001 2.42001    2.42    2.42 2.41999 2.41999 2.41999 2.41999 2.41999 2.41999 2.41999    2.42    2.42    2.42 2.42001 2.42001 2.42002 2.42003 2.42004 2.42005 2.42006 2.42007 2.42008 2.42009 2.42011 2.42012 2.42014 2.42015 2.42017 2.42019 2.42021 2.42023 2.42025 2.42028  2.4203 2.42033 2.42037 2.42043 2.42053 2.42069 2.42097 2.42148 2.42236  2.4239  2.4266 2.43259
2.61432 2.61333 2.61194 2.61057 2.60932 2.60824 2.60733 2.60658 2.60599 2.60553 2.60519 2.60494 2.60476 2.60463 2.60454 2.60447 2.60442 2.60438 2.60435 2.60432  2.6043 2.60428 2.60425 2.60424 2.60422  2.6042 2.60419 2.60417 2.60416 2.60415 2.60413 2.60412 2.60411 2.60411  2.6041 2.60409 2.60409 2.60408 2.60408 2.60407 2.60407 2.60407 2.60407 2.60407 2.60407 2.60407 2.60408 2.60408 2.60408 2.60409  2.6041  2.6041 2.60411 2.60412 2.60413 2.60414 2.60416 2.60417 2.60418  2.6042 2.60422 2.60423 2.60425 2.60427 2.60429 2.60431 2.60434 2.60436 2.60439 2.60442 2.60445  2.6045 2.60456 2.60466 2.60483 2.60513 2.60566 2.60656  2.6081 2.61074 2.61643
2.78903 2.78805 2.78668 2.78535 2.78415 2.78312 2.78225 2.78155 2.78099 2.78057 2.78025 2.78001 2.77984 2.77972 2.77963 2.77957 2.77952 2.77948 2.77944 2.77941 2.77939 2.77936 2.77934 2.77932  2.7793 2.77929 2.77927 2.77925 2.77924 2.77923 2.77921  2.7792 2.77919 2.77918 2.77917 2.77917 2.77916 2.77916 2.77915 2.77915 2.77915 2.77914 2.77914 2.77914 2.77915 2.77915 2.77915 2.77916 2.77916 2.77917 2.77918 2.77918 2.77919  2.7792 2.77922 2.77923 2.77924 2.77926 2.77927 2.77929 2.77931 2.77933 2.77935 2.77937 2.77939 2.77941 2.77944 2.77947 2.77949 2.77953 2.77956 2.77961 2.77968 2.77978 2.77996 2.78026 2.78079 2.78168 2.78316 2.78566 2.79095
2.95457 2.95365 2.95235 2.95109 2.94996 2.94899 2.94819 2.94754 2.94703 2.94664 2.94634 2.94613 2.94597 2.94585 2.94577 2.94571 2.94566 2.94562 2.94558 2.94555 2.94552  2.9455 2.94548 2.94546 2.94544 2.94542  2.9454 2.94538 2.94537 2.94535 2.94534 2.94533 2.94532 2.94531  2.9453 2.94529 2.94529 2.94528 2.94528 2.94527 2.94527 2.94527 2.94527 2.94527 2.94527 2.94527 2.94528 2.94528 2.94529 2.94529  2.9453 2.94531 2.94532 2.94533 2.94534 2.94536 2.94537 2.94539 2.94541 2.94542 2.94544 2.94546 2.94548 2.94551 2.94553 2.94556 2.94558 2.94561 2.94564 2.94568 2.94572 2.94577 2.94584 2.94594 2.94612 2.94642 2.94693 2.94778 2.94917 2.95149 2.95629
3.11142 3.11057 3.10936  3.1082 3.10716 3.10627 3.10554 3.10495 3.10448 3.10413 3.10386 3.10366 3.10352 3.10341 3.10333 3.10327 3.10322 3.10318 3.10315 3.10312 3.10309 3.10306 3.10304 3.10302   3.103 3.10298 3.10296 3.10294 3.10293 3.10291  3.1029 3.10288 3.10287 3.10286 3.10285 3.10285 3.10284 3.10283 3.10283 3.10283 3.10282 3.10282 3.10282 3.10282 3.10282 3.10283 3.10283 3.10284 3.10284 3.10285 3.10286 3.10287 3.10288 3.10289  3.1029 3.10292 3.10293 3.10295 3.10297 3.10299 3.10301 3.10303 3.10305 3.10308  3.1031 3.10313 3.10316 3.10319 3.10322 3.10325  3.1033 3.10335 3.10342 3.10352  3.1037 3.10398 3.10446 3.10526 3.10654 3.10865 3.11295
3.26022 3.25944 3.25835 3.25729 3.25634 3.25554 3.25488 3.25435 3.25394 3.25362 3.25338  3.2532 3.25307 3.25297 3.25289 3.25283 3.25279 3.25275 3.25271 3.25268 3.25265 3.25263  3.2526 3.25258 3.25256 3.25254 3.25252  3.2525 3.25248 3.25247 3.25245 3.25244 3.25243 3.25242 3.25241  3.2524 3.25239 3.25239 3.25238 3.25238 3.25238 3.25238 3.25238 3.25238 3.25238 3.25238 3.25239 3.25239  3.2524 3.25241 3.25241 3.25242 3.25244 3.25245 3.25246 3.25248 3.25249 3.25251 3.25253 3.25255 3.25257 3.25259 3.25262 3.25264 3.25267  3.2527 3.25273 3.25276 3.25279 3.25283 3.25287 3.25292 3.25299  3.2531 3.25326 3.25353 3.25397  3.2547 3.25586 3.25775 3.26155
3.40165 3.40097 3.39999 3.39904  3.3982 3.39748 3.39689 3.39642 3.39605 3.39577 3.39556  3.3954 3.39528 3.39518 3.39511 3.39506 3.39501 3.39497 3.39494 3.39491 3.39488 3.39485 3.39482  3.3948 3.39478 3.39476 3.39474 3.39472  3.3947 3.39469 3.39467 3.39466 3.39465 3.39464 3.39463 3.39462 3.39461 3.39461  3.3946  3.3946 3.39459 3.39459 3.39459 3.39459  3.3946  3.3946  3.3946 3.39461 3.39462 3.39462 3.39463 3.39464 3.39466 3.39467 3.39468  3.3947 3.39471 3.39473 3.39475 3.39477 3.39479 3.39482 3.39484 3.39487  3.3949 3.39492 3.39496 3.39499 3.39502 3.39506  3.3951 3.39516 3.39522 3.39532 3.39548 3.39573 3.39613 3.39679 3.39783 3.39949 3.40282
3.53646 3.53587   3.535 3.53416 3.53342 3.53279 3.53227 3.53186 3.53153 3.53128 3.53109 3.53094 3.53084 3.53075 3.53069 3.53063 3.53059 3.53055 3.53051 3.53048 3.53045 3.53042  3.5304 3.53037 3.53035 3.53033 3.53031 3.53029 3.53027 3.53026 3.53024 3.53023 3.53022 3.53021  3.5302 3.53019 3.53018 3.53017 3.53017 3.53017 3.53016 3.53016 3.53016 3.53016 3.53017 3.53017 3.53017 3.53018 3.53019 3.53019  3.5302 3.53021 3.53023 3.53024 3.53025 3.53027 3.53029  3.5303 3.53032 3.53035 3.53037 3.53039 3.53042 3.53044 3.53047  3.5305 3.53053 3.53057  3.5306 3.53064 3.53068 3.53074  3.5308  3.5309 3.53104 3.53126 3.53163 3.53221 3.53313 3.53458 3.53747
3.66532 3.66481 3.66407 3.66334 3.66269 3.66214 3.66169 3.66132 3.66104 3.66082 3.66065 3.66052 3.66042 3.66034 3.66028 3.66023 3.66018 3.66014 3.66011 3.66008 3.66005 3.66002 3.65999 3.65997 3.65995 3.65993 3.65991 3.65989 3.65987 3.65985 3.65984 3.65982 3.65981  3.6598 3.65979 3.65978 3.65977 3.65977 3.65976 3.65976 3.65976 3.65976 3.65976 3.65976 3.65976 3.65976 3.65977 3.65977 3.65978 3.65979  3.6598 3.65981 3.65982 3.65983 3.65985 3.65986 3.65988  3.6599 3.65992 3.65994 3.65996 3.65999 3.66001 3.66004 3.66007  3.6601 3.66013 3.66017  3.6602 3.66024 3.66028 3.66033  3.6604 3.66049 3.66062 3.66082 3.66114 3.66165 3.66245  3.6637 3.66619
3.78888 3.78846 3.78782 3.78719 3.78664 3.78616 3.78577 3.78546 3.78521 3.78501 3.78486 3.78475 3.78466 3.78459 3.78453 3.78448 3.78444  3.7844 3.78436 3.78433  3.7843 3.78427 3.78425 3.78422  3.7842 3.78418 3.78416 3.78414 3.78412  3.7841 3.78409 3.78408 3.78406 3.78405 3.78404 3.78403 3.78403 3.78402 3.78401 3.78401 3.78401 3.78401 3.78401 3.78401 3.78401 3.78401 3.78402 3.78402 3.78403 3.78404 3.78405 3.78406 3.78407 3.78408  3.7841 3.78412 3.78413 3.78415 3.78417 3.78419 3.78422 3.78424 3.78427 3.78429 3.78432 3.78435 3.78439 3.78442 3.78446 3.78449 3.78454 3.78459 3.78465 3.78473 3.78485 3.78503 3.78531 3.78575 3.78644 3.78751 3.78962
3.90772 3.90738 3.90684 3.90632 3.90585 3.90544 3.90511 3.90484 3.90462 3.90445 3.90432 3.90421 3.90413 3.90407 3.90401 3.90396 3.90392 3.90389 3.90385 3.90382 3.90379 3.90376 3.90374 3.90371 3.90369 3.90367 3.90365 3.90363 3.90361 3.90359 3.90358 3.90356 3.90355 3.90354 3.90353 3.90352 3.90351 3.90351  3.9035  3.9035 3.90349 3.90349 3.90349 3.90349  3.9035  3.9035  3.9035 3.90351 3.90352 3.90353 3.90353 3.90355 3.90356 3.90357 3.90359  3.9036 3.90362 3.90364 3.90366 3.90368  3.9037 3.90373 3.90375 3.90378 3.90381 3.90384 3.90387 3.90391 3.90394 3.90398 3.90402 3.90407 3.90413  3.9042 3.90431 3.90447 3.90471 3.90509 3.90567 3.90657 3.90835
4.02235 4.02209 4.02166 4.02123 4.02084  4.0205 4.02021 4.01998  4.0198 4.01965 4.01953 4.01944 4.01937  4.0193 4.01925 4.01921 4.01917 4.01913  4.0191 4.01907 4.01904 4.01901 4.01898 4.01896 4.01893 4.01891 4.01889 4.01887 4.01886 4.01884 4.01882 4.01881  4.0188 4.01879 4.01878 4.01877 4.01876 4.01875 4.01875 4.01874 4.01874 4.01874 4.01874 4.01874 4.01874 4.01875 4.01875 4.01876 4.01876 4.01877 4.01878 4.01879  4.0188 4.01882 4.01883 4.01885 4.01887 4.01888  4.0189 4.01893 4.01895 4.01897   4.019 4.01903 4.01906 4.01909 4.01912 4.01915 4.01919 4.01923 4.01927 4.01931 4.01937 4.01943 4.01953 4.01966 4.01987 4.02018 4.02066 4.02141 4.02289
4.13325 4.13306 4.13273 4.13238 4.13207 4.13179 4.13156 4.13136  4.1312 4.13108 4.13097 4.13089 4.13082 4.13076 4.13072 4.13067 4.13063  4.1306 4.13057 4.13053 4.13051 4.13048 4.13045 4.13043  4.1304 4.13038 4.13036 4.13034 4.13033 4.13031 4.13029 4.13028 4.13027 4.13026 4.13025 4.13024 4.13023 4.13022 4.13022 4.13022 4.13021 4.13021 4.13021 4.13021 4.13021 4.13022 4.13022 4.13023 4.13023 4.13024 4.13025 4.13026 4.13027 4.13029  4.1303 4.13032 4.13033 4.13035 4.13037 4.13039 4.13042 4.13044 4.13047 4.13049 4.13052 4.13055 4.13058 4.13062 4.13065 4.13069 4.13073 4.13077 4.13082 4.13089 4.13097 4.13108 4.13125  4.1315 4.13189  4.1325 4.13369
4.24082  4.2407 4.24045 4.24019 4.23995 4.23973 4.23954 4.23938 4.23925 4.23914 4.23905 4.23897 4.23891 4.23886 4.23881 4.23877 4.23874  4.2387 4.23867 4.23864 4.23861 4.23858 4.23856 4.23853 4.23851 4.23849 4.23847 4.23845 4.23843 4.23842  4.2384 4.23839 4.23838 4.23836 4.23835 4.23835 4.23834 4.23833 4.23833 4.23832 4.23832 4.23832 4.23832 4.23832 4.23832 4.23832 4.23833 4.23833 4.23834 4.23835 4.23836 4.23837 4.23838 4.23839 4.23841 4.23842 4.23844 4.23846 4.23848  4.2385 4.23852 4.23854 4.23857  4.2386 4.23862 4.23865 4.23869 4.23872 4.23875 4.23879 4.23883 4.23887 4.23892 4.23897 4.23904 4.23913 4.23926 4.23946 4.23977 4.24024 4.24118
 4.3454 4.34535  4.3452 4.34502 4.34484 4.34468 4.34453  4.3444 4.34429  4.3442 4.34412 4.34406   4.344 4.34395 4.34391 4.34387 4.34383  4.3438 4.34377 4.34374 4.34371 4.34368 4.34366 4.34364 4.34361 4.34359 4.34357 4.34355 4.34354 4.34352 4.34351 4.34349 4.34348 4.34347 4.34346 4.34345 4.34344 4.34344 4.34343 4.34343 4.34343 4.34342 4.34342 4.34342 4.34343 4.34343 4.34343 4.34344 4.34345 4.34345 4.34346 4.34347 4.34348  4.3435 4.34351 4.34353 4.34354 4.34356 4.34358  4.3436 4.34362 4.34364 4.34367 4.34369 4.34372 4.34375 4.34378 4.34381 4.34385 4.34388 4.34392 4.34396   4.344 4.34405 4.34411 4.34418 4.34428 4.34442 4.34464 4.34499  4.3457
4.44733 4.44734 4.44727 4.44717 4.44706 4.44695 4.44684 4.44674 4.44665 4.44658 4.44651 4.44645  4.4464 4.44635 4.44631 4.44628 4.44624 4.44621 4.44618 4.44615 4.44612  4.4461 4.44607 4.44605 4.44603 4.44601 4.44599 4.44597 4.44596 4.44594 4.44593 4.44591  4.4459 4.44589 4.44588 4.44587 4.44586 4.44586 4.44585 4.44585 4.44585 4.44584 4.44584 4.44584 4.44585 4.44585 4.44585 4.44586 4.44586 4.44587 4.44588 4.44589  4.4459 4.44591 4.44593 4.44594 4.44596 4.44597 4.44599 4.44601 4.44603 4.44606 4.44608 4.44611 4.44613 4.44616 4.44619 4.44622 4.44625 4.44629 4.44632 4.44636  4.4464 4.44644 4.44648 4.44654  4.4466  4.4467 4.44684 4.44707 4.44755
4.54686 4.54694 4.54695 4.54693 4.54687 4.54681 4.54674 4.54667  4.5466 4.54654 4.54648 4.54643 4.54639 4.54635 4.54631 4.54627 4.54624 4.54621 4.54618 4.54615 4.54613  4.5461 4.54608 4.54606 4.54603 4.54601   4.546 4.54598 4.54596 4.54595 4.54593 4.54592 4.54591  4.5459 4.54589 4.54588 4.54587 4.54587 4.54586 4.54586 4.54586 4.54586 4.54585 4.54586 4.54586 4.54586 4.54586 4.54587 4.54587 4.54588 4.54589  4.5459 4.54591 4.54592 4.54593 4.54595 4.54596 4.54598   4.546 4.54602 4.54604 4.54606 4.54608 4.54611 4.54613 4.54616 4.54619 4.54622 4.54625 4.54628 4.54632 4.54635 4.54638 4.54642 4.54645 4.54648 4.54652 4.54656 4.54663 4.54675 4.54702
4.64424 4.64438 4.64447 4.64451 4.64452 4.64451 4.64447 4.64443 4.64438 4.64433 4.64429 4.64424  4.6442 4.64416 4.64413  4.6441 4.64406 4.64403 4.64401 4.64398 4.64396 4.64393 4.64391 4.64389 4.64387 4.64385 4.64383 4.64381  4.6438 4.64378 4.64377 4.64376 4.64375 4.64374 4.64373 4.64372 4.64371 4.64371  4.6437  4.6437  4.6437 4.64369 4.64369 4.64369  4.6437  4.6437  4.6437 4.64371 4.64371 4.64372 4.64373 4.64374 4.64375 4.64376 4.64377 4.64378  4.6438 4.64381 4.64383 4.64385 4.64387 4.64389 4.64391 4.64393 4.64396 4.64398 4.64401 4.64404 4.64407  4.6441 4.64413 4.64416 4.64419 4.64422 4.64424 4.64426 4.64426 4.64426 4.64426 4.64427 4.64434
4.73966 4.73986 4.74003 4.74014 4.74021 4.74024 4.74024 4.74022 4.74019 4.74016 4.74012 4.74008 4.74005 4.74001 4.73998 4.73995 4.73992 4.73989 4.73986 4.73984 4.73981 4.73979 4.73977 4.73975 4.73973 4.73971  4.7397 4.73968 4.73966 4.73965 4.73964 4.73963 4.73962 4.73961  4.7396 4.73959 4.73958 4.73958 4.73957 4.73957 4.73957 4.73956 4.73956 4.73956 4.73957 4.73957 4.73957 4.73958 4.73958 4.73959 4.73959  4.7396 4.73961 4.73962 4.73963 4.73965 4.73966 4.73968 4.73969 4.73971 4.73973 4.73975 4.73977 4.73979 4.73981 4.73984 4.73986 4.73989 4.73992 4.73995 4.73998 4.74001 4.74003 4.74005 4.74007 4.74006 4.74004 4.73999 4.73992 4.73983  4.7397
 4.8333 4.83356  4.8338 4.83398  4.8341 4.83417 4.83421 4.83421  4.8342 4.83418 4.83415 4.83412 4.83409 4.83406 4.83403   4.834 4.83397 4.83395 4.83392  4.8339 4.83388 4.83385 4.83383 4.83381  4.8338 4.83378 4.83376 4.83375 4.83373 4.83372 4.83371  4.8337 4.83369 4.83368 4.83367 4.83366 4.83366 4.83365 4.83365 4.83364 4.83364 4.83364 4.83364 4.83364 4.83364 4.83364 4.83364 4.83365 4.83365 4.83366 4.83367 4.83367 4.83368 4.83369  4.8337 4.83372 4.83373 4.83374 4.83376 4.83377 4.83379 4.83381 4.83383 4.83385 4.83387  4.8339 4.83392 4.83395 4.83397   4.834 4.83403 4.83405 4.83407 4.83409 4.83409 4.83407 4.83402 4.83393 4.83379  4.8336 4.83329
 4.9253 4.92561 4.92592 4.92616 4.92634 4.92645 4.92652 4.92655 4.92655 4.92654 4.92652  4.9265 4.92647 4.92645 4.92642 4.92639 4.92637 4.92634 4.92632  4.9263 4.92628 4.92626 4.92624 4.92622  4.9262 4.92618 4.92617 4.92615 4.92614 4.92613 4.92612 4.92611  4.9261 4.92609 4.92608 4.92607 4.92607 4.92606 4.92606 4.92606 4.92605 4.92605 4.92605 4.92605 4.92605 4.92605 4.92606 4.92606 4.92607 4.92607 4.92608 4.92608 4.92609  4.9261 4.92611 4.92612 4.92614 4.92615 4.92616 4.92618 4.92619 4.92621 4.92623 4.92625 4.92627 4.92629 4.92631 4.92634 4.92636 4.92639 4.92641 4.92644 4.92645 4.92646 4.92645 4.92642 4.92634 4.92621 4.92601 4.92572 4.92524
5.01578 5.01613  5.0165 5.01681 5.01703 5.01718 5.01728 5.01733 5.01735 5.01735 5.01734 5.01732  5.0173 5.01728 5.01725 5.01723 5.01721 5.01718 5.01716 5.01714 5.01712  5.0171 5.01708 5.01707 5.01705 5.01704 5.01702 5.01701   5.017 5.01698 5.01697 5.01696 5.01695 5.01695 5.01694 5.01693 5.01693 5.01692 5.01692 5.01692 5.01691 5.01691 5.01691 5.01691 5.01691 5.01691 5.01692 5.01692 5.01692 5.01693 5.01693 5.01694 5.01695 5.01696 5.01697 5.01698 5.01699   5.017 5.01701 5.01703 5.01704 5.01706 5.01708 5.01709 5.01711 5.01713 5.01715 5.01718  5.0172 5.01722 5.01724 5.01726 5.01728 5.01728 5.01726 5.01721 5.01711 5.01694 5.01668 5.01631 5.01566
 5.1048 5.10519 5.10562 5.10598 5.10625 5.10643 5.10655 5.10663 5.10666 5.10668 5.10667 5.10666 5.10664 5.10662  5.1066 5.10658 5.10656 5.10654 5.10652  5.1065 5.10648 5.10646 5.10645 5.10643 5.10642  5.1064 5.10639 5.10638 5.10637 5.10636 5.10635 5.10634 5.10633 5.10632 5.10631 5.10631  5.1063  5.1063  5.1063 5.10629 5.10629 5.10629 5.10629 5.10629 5.10629 5.10629 5.10629  5.1063  5.1063  5.1063 5.10631 5.10632 5.10632 5.10633 5.10634 5.10635 5.10636 5.10637 5.10638 5.10639 5.10641 5.10642 5.10644 5.10645 5.10647 5.10649 5.10651 5.10653 5.10655 5.10657 5.10659 5.10661 5.10662 5.10662 5.10659 5.10652  5.1064  5.1062 5.10589 5.10543 5.10463
5.19242 5.19284 5.19332 5.19372 5.19402 5.19424 5.19439 5.19448 5.19453 5.19455 5.19456 5.19455 5.19454 5.19452  5.1945 5.19448 5.19446 5.19445 5.19443 5.19441 5.19439 5.19438 5.19436 5.19435 5.19434 5.19432 5.19431  5.1943 5.19429 5.19428 5.19427 5.19426 5.19425 5.19425 5.19424 5.19424 5.19423 5.19423 5.19422 5.19422 5.19422 5.19422 5.19422 5.19422 5.19422 5.19422 5.19422 5.19422 5.19423 5.19423 5.19424 5.19424 5.19425 5.19425 5.19426 5.19427 5.19428 5.19429  5.1943 5.19431 5.19432 5.19434 5.19435 5.19437 5.19438  5.1944 5.19442 5.19443 5.19445 5.19447 5.19449  5.1945 5.19451  5.1945 5.19447 5.19439 5.19425 5.19402 5.19366 5.19314  5.1922
5.27863 5.27907 5.27959 5.28003 5.28037 5.28061 5.28078 5.28088 5.28095 5.28098 5.28099 5.28099 5.28098 5.28097 5.28095 5.28093 5.28092  5.2809 5.28088 5.28087 5.28085 5.28084 5.28083 5.28081  5.2808 5.28079 5.28078 5.28077 5.28076 5.28075 5.28074 5.28073 5.28073 5.28072 5.28072 5.28071 5.28071  5.2807  5.2807  5.2807 5.28069 5.28069 5.28069 5.28069 5.28069 5.28069  5.2807  5.2807  5.2807 5.28071 5.28071 5.28071 5.28072 5.28073 5.28073 5.28074 5.28075 5.28076 5.28077 5.28078 5.28079  5.2808 5.28081 5.28083 5.28084 5.28085 5.28087 5.28089  5.2809 5.28092 5.28094 5.28095 5.28095 5.28094  5.2809 5.28081 5.28066  5.2804 5.28001 5.27942 5.27837
 5.3634 5.36385  5.3644 5.36486 5.36522 5.36549 5.36567 5.36579 5.36587 5.36591 5.36593 5.36593 5.36592 5.36591  5.3659 5.36588 5.36587 5.36586 5.36584 5.36583 5.36581  5.3658 5.36579 5.36578 5.36577 5.36576 5.36575 5.36574 5.36573 5.36572 5.36571 5.36571  5.3657  5.3657 5.36569 5.36569 5.36568 5.36568 5.36568 5.36567 5.36567 5.36567 5.36567 5.36567 5.36567 5.36567 5.36567 5.36568 5.36568 5.36568 5.36568 5.36569 5.36569  5.3657 5.36571 5.36571 5.36572 5.36573 5.36574 5.36574 5.36575 5.36576 5.36578 5.36579  5.3658 5.36581 5.36583 5.36584 5.36586 5.36587 5.36588 5.36589 5.36589 5.36588 5.36584 5.36574 5.36558  5.3653 5.36488 5.36425  5.3631
5.44665  5.4471 5.44766 5.44814 5.44852  5.4488 5.44899 5.44912 5.44921 5.44925 5.44928 5.44928 5.44928 5.44927 5.44926 5.44925 5.44924 5.44922 5.44921  5.4492 5.44919 5.44918 5.44917 5.44916 5.44915 5.44914 5.44913 5.44912 5.44911 5.44911  5.4491  5.4491 5.44909 5.44909 5.44908 5.44908 5.44907 5.44907 5.44907 5.44907 5.44906 5.44906 5.44906 5.44906 5.44906 5.44906 5.44907 5.44907 5.44907 5.44907 5.44908 5.44908 5.44908 5.44909 5.44909  5.4491  5.4491 5.44911 5.44912 5.44913 5.44914 5.44914 5.44915 5.44916 5.44917 5.44919  5.4492 5.44921 5.44922 5.44924 5.44925 5.44925 5.44925 5.44924 5.44919 5.44909 5.44892 5.44863 5.44819 5.44753 5.44631
5.52824 5.52868 5.52924 5.52973 5.53012 5.53041 5.53061 5.53075 5.53084 5.53089 5.53091 5.53093 5.53093 5.53092 5.53091  5.5309 5.53089 5.53088 5.53087 5.53086 5.53085 5.53084 5.53083 5.53082 5.53081 5.53081  5.5308 5.53079 5.53079 5.53078 5.53078 5.53077 5.53077 5.53076 5.53076 5.53075 5.53075 5.53075 5.53075 5.53074 5.53074 5.53074 5.53074 5.53074 5.53074 5.53074 5.53074 5.53074 5.53075 5.53075 5.53075 5.53075 5.53076 5.53076 5.53077 5.53077 5.53078 5.53078 5.53079  5.5308  5.5308 5.53081 5.53082 5.53083 5.53084 5.53085 5.53086 5.53087 5.53088 5.53089  5.5309  5.5309  5.5309 5.53088 5.53083 5.53073 5.53056 5.53027 5.52982 5.52914 5.52789
5.60801 5.60844 5.60899 5.60947 5.60986 5.61015 5.61036  5.6105 5.61059 5.61065 5.61068 5.61069 5.61069 5.61069 5.61069 5.61068 5.61067 5.61066 5.61065 5.61064 5.61063 5.61063 5.61062 5.61061  5.6106  5.6106 5.61059 5.61058 5.61058 5.61057 5.61057 5.61056 5.61056 5.61056 5.61055 5.61055 5.61055 5.61055 5.61054 5.61054 5.61054 5.61054 5.61054 5.61054 5.61054 5.61054 5.61054 5.61054 5.61054 5.61055 5.61055 5.61055 5.61055 5.61056 5.61056 5.61057 5.61057 5.61057 5.61058 5.61059 5.61059  5.6106 5.61061 5.61061 5.61062 5.61063 5.61064 5.61065 5.61066 5.61066 5.61067 5.61067 5.61067 5.61065  5.6106  5.6105 5.61032 5.61003 5.60958  5.6089 5.60764
5.68576 5.68616 5.68669 5.68716 5.68754 5.68783 5.68804 5.68818 5.68827 5.68833 5.68837 5.68838 5.68839 5.68839 5.68838 5.68838 5.68837 5.68836 5.68835 5.68835 5.68834 5.68833 5.68833 5.68832 5.68831 5.68831  5.6883  5.6883 5.68829 5.68829 5.68829 5.68828 5.68828 5.68828 5.68827 5.68827 5.68827 5.68827 5.68827 5.68826 5.68826 5.68826 5.68826 5.68826 5.68826 5.68826 5.68826 5.68826 5.68827 5.68827 5.68827 5.68827 5.68827 5.68828 5.68828 5.68828 5.68829 5.68829 5.68829  5.6883  5.6883 5.68831 5.68832 5.68832 5.68833 5.68833 5.68834 5.68835 5.68836 5.68836 5.68837 5.68837 5.68836 5.68834 5.68829  5.6882 5.68802 5.68774  5.6873 5.68663 5.68538
5.76124 5.76161 5.76212 5.76258 5.76295 5.76323 5.76343 5.76357 5.76367 5.76373 5.76376 5.76378 5.76379 5.76379 5.76379 5.76378 5.76378 5.76377 5.76376 5.76376 5.76375 5.76375 5.76374 5.76374 5.76373 5.76373 5.76372 5.76372 5.76371 5.76371 5.76371  5.7637  5.7637  5.7637  5.7637 5.76369 5.76369 5.76369 5.76369 5.76369 5.76369 5.76369 5.76369 5.76369 5.76369 5.76369 5.76369 5.76369 5.76369 5.76369 5.76369 5.76369  5.7637  5.7637  5.7637  5.7637 5.76371 5.76371 5.76371 5.76372 5.76372 5.76373 5.76373 5.76374 5.76374 5.76375 5.76375 5.76376 5.76376 5.76377 5.76377 5.76377 5.76377 5.76374 5.76369  5.7636 5.76343 5.76316 5.76273 5.76208 5.76087
5.83422 5.83456 5.83505 5.83549 5.83584 5.83611 5.83631 5.83645 5.83654  5.8366 5.83664 5.83666 5.83667 5.83667 5.83667 5.83667 5.83666 5.83666 5.83665 5.83665 5.83664 5.83664 5.83663 5.83663 5.83663 5.83662 5.83662 5.83661 5.83661 5.83661 5.83661  5.8366  5.8366  5.8366  5.8366  5.8366 5.83659 5.83659 5.83659 5.83659 5.83659 5.83659 5.83659 5.83659 5.83659 5.83659 5.83659 5.83659 5.83659 5.83659 5.83659 5.83659  5.8366  5.8366  5.8366  5.8366  5.8366 5.83661 5.83661 5.83661 5.83662 5.83662 5.83662 5.83663 5.83663 5.83664 5.83664 5.83665 5.83665 5.83666 5.83666 5.83666 5.83665 5.83663 5.83658 5.83648 5.83632 5.83606 5.83565 5.83502 5.83385
5.90445 5.90477 5.90524 5.90566   5.906 5.90626 5.90645 5.90659 5.90668 5.90674 5.90677 5.90679  5.9068 5.90681 5.90681 5.90681  5.9068  5.9068  5.9068 5.90679 5.90679 5.90678 5.90678 5.90678 5.90677 5.90677 5.90677 5.90677 5.90676 5.90676 5.90676 5.90676 5.90676 5.90675 5.90675 5.90675 5.90675 5.90675 5.90675 5.90675 5.90675 5.90675 5.90675 5.90675 5.90675 5.90675 5.90675 5.90675 5.90675 5.90675 5.90675 5.90675 5.90675 5.90675 5.90675 5.90676 5.90676 5.90676 5.90676 5.90676 5.90677 5.90677 5.90677 5.90678 5.90678 5.90678 5.90679 5.90679 5.90679  5.9068  5.9068  5.9068 5.90679 5.90676 5.90672 5.90663 5.90647 5.90621 5.90582 5.90522  5.9041
5.97172 5.97202 5.97246 5.97287 5.97319 5.97345 5.97363 5.97377 5.97386 5.97392 5.97395 5.97397 5.97398 5.97399 5.97399 5.97399 5.97399 5.97398 5.97398 5.97398 5.97398 5.97397 5.97397 5.97397 5.97396 5.97396 5.97396 5.97396 5.97396 5.97395 5.97395 5.97395 5.97395 5.97395 5.97395 5.97395 5.97395 5.97394 5.97394 5.97394 5.97394 5.97394 5.97394 5.97394 5.97394 5.97394 5.97394 5.97394 5.97394 5.97394 5.97394 5.97395 5.97395 5.97395 5.97395 5.97395 5.97395 5.97395 5.97395 5.97396 5.97396 5.97396 5.97396 5.97397 5.97397 5.97397 5.97397 5.97398 5.97398 5.97398 5.97398 5.97398 5.97397 5.97395  5.9739 5.97381 5.97366 5.97341 5.97303 5.97245 5.97138
 6.0358 6.03609 6.03652 6.03691 6.03723 6.03748 6.03766 6.03779 6.03788 6.03794 6.03798   6.038 6.03801 6.03801 6.03802 6.03802 6.03802 6.03801 6.03801 6.03801 6.03801   6.038   6.038   6.038   6.038   6.038   6.038 6.03799 6.03799 6.03799 6.03799 6.03799 6.03799 6.03799 6.03799 6.03798 6.03798 6.03798 6.03798 6.03798 6.03798 6.03798 6.03798 6.03798 6.03798 6.03798 6.03798 6.03798 6.03798 6.03798 6.03798 6.03798 6.03798 6.03799 6.03799 6.03799 6.03799 6.03799 6.03799 6.03799 6.03799   6.038   6.038   6.038   6.038   6.038 6.03801 6.03801 6.03801 6.03801 6.03801 6.03801   6.038 6.03797 6.03793 6.03784 6.03769 6.03745 6.03707 6.03651 6.03547
6.09651  6.0968 6.09723 6.09761 6.09793 6.09817 6.09836 6.09849 6.09857 6.09863 6.09867 6.09869  6.0987 6.09871 6.09871 6.09871 6.09871 6.09871 6.09871 6.09871 6.09871 6.09871  6.0987  6.0987  6.0987  6.0987  6.0987  6.0987  6.0987 6.09869 6.09869 6.09869 6.09869 6.09869 6.09869 6.09869 6.09869 6.09869 6.09869 6.09869 6.09869 6.09869 6.09869 6.09869 6.09869 6.09869 6.09869 6.09869 6.09869 6.09869 6.09869 6.09869 6.09869 6.09869 6.09869 6.09869 6.09869 6.09869 6.09869  6.0987  6.0987  6.0987  6.0987  6.0987  6.0987  6.0987 6.09871 6.09871 6.09871 6.09871 6.09871  6.0987 6.09869 6.09867 6.09862 6.09853 6.09838 6.09814 6.09777 6.09721 6.09619
 6.1537 6.15399 6.15442 6.15481 6.15513 6.15538 6.15557  6.1557 6.15579 6.15585 6.15588 6.15591 6.15592 6.15593 6.15593 6.15593 6.15593 6.15593 6.15593 6.15593 6.15593 6.15593 6.15592 6.15592 6.15592 6.15592 6.15592 6.15592 6.15592 6.15592 6.15592 6.15592 6.15592 6.15592 6.15591 6.15591 6.15591 6.15591 6.15591 6.15591 6.15591 6.15591 6.15591 6.15591 6.15591 6.15591 6.15591 6.15591 6.15591 6.15591 6.15591 6.15591 6.15591 6.15591 6.15591 6.15592 6.15592 6.15592 6.15592 6.15592 6.15592 6.15592 6.15592 6.15592 6.15592 6.15592 6.15593 6.15593 6.15593 6.15593 6.15593 6.15592 6.15591 6.15588 6.15583 6.15574 6.15559 6.15534 6.15497  6.1544 6.15337
6.20724 6.20754 6.20799 6.20839 6.20873 6.20898 6.20917 6.20931  6.2094 6.20946  6.2095 6.20952 6.20954 6.20955 6.20955 6.20955 6.20955 6.20955 6.20955 6.20955 6.20955 6.20955 6.20955 6.20955 6.20955 6.20955 6.20955 6.20954 6.20954 6.20954 6.20954 6.20954 6.20954 6.20954 6.20954 6.20954 6.20954 6.20954 6.20954 6.20954 6.20954 6.20954 6.20954 6.20954 6.20954 6.20954 6.20954 6.20954 6.20954 6.20954 6.20954 6.20954 6.20954 6.20954 6.20954 6.20954 6.20954 6.20954 6.20954 6.20954 6.20954 6.20954 6.20955 6.20955 6.20955 6.20955 6.20955 6.20955 6.20955 6.20955 6.20955 6.20954 6.20953  6.2095 6.20945 6.20936  6.2092 6.20894 6.20855 6.20796  6.2069
6.25704 6.25735 6.25783 6.25827 6.25862 6.25889 6.25909 6.25924 6.25933  6.2594 6.25944 6.25947 6.25948 6.25949 6.25949  6.2595  6.2595  6.2595  6.2595  6.2595  6.2595  6.2595  6.2595 6.25949 6.25949 6.25949 6.25949 6.25949 6.25949 6.25949 6.25949 6.25949 6.25949 6.25949 6.25949 6.25949 6.25949 6.25949 6.25949 6.25949 6.25949 6.25949 6.25949 6.25949 6.25949 6.25949 6.25949 6.25949 6.25949 6.25949 6.25949 6.25949 6.25949 6.25949 6.25949 6.25949 6.25949 6.25949 6.25949 6.25949 6.25949 6.25949 6.25949 6.25949 6.25949 6.25949  6.2595  6.2595  6.2595  6.2595 6.25949 6.25949 6.25947 6.25944 6.25939 6.25929 6.25912 6.25884 6.25842  6.2578 6.25668
6.30306  6.3034 6.30392 6.30439 6.30477 6.30507 6.30529 6.30544 6.30555 6.30562 6.30566 6.30569 6.30571 6.30572 6.30572 6.30573 6.30573 6.30573 6.30573 6.30573 6.30573 6.30573 6.30573 6.30573 6.30572 6.30572 6.30572 6.30572 6.30572 6.30572 6.30572 6.30572 6.30572 6.30572 6.30572 6.30572 6.30572 6.30572 6.30572 6.30572 6.30572 6.30572 6.30572 6.30572 6.30572 6.30572 6.30572 6.30572 6.30572 6.30572 6.30572 6.30572 6.30572 6.30572 6.30572 6.30572 6.30572 6.30572 6.30572 6.30572 6.30572 6.30572 6.30572 6.30572 6.30572 6.30573 6.30573 6.30573 6.30573 6.30572 6.30572 6.30571  6.3057 6.30567 6.30561  6.3055 6.30531 6.30501 6.30456 6.30388 6.30267
6.34529 6.34566 6.34624 6.34676 6.34719 6.34751 6.34776 6.34793 6.34805 6.34812 6.34817  6.3482 6.34822 6.34823 6.34824 6.34824 6.34824 6.34824 6.34824 6.34824 6.34824 6.34824 6.34824 6.34824 6.34824 6.34824 6.34824 6.34824 6.34824 6.34824 6.34824 6.34824 6.34824 6.34824 6.34824 6.34824 6.34824 6.34824 6.34824 6.34824 6.34824 6.34824 6.34824 6.34824 6.34824 6.34824 6.34824 6.34824 6.34824 6.34824 6.34824 6.34824 6.34824 6.34824 6.34824 6.34824 6.34824 6.34824 6.34824 6.34824 6.34824 6.34824 6.34824 6.34824 6.34824 6.34824 6.34824 6.34824 6.34824 6.34824 6.34824 6.34823 6.34821 6.34818 6.34811 6.34799 6.34778 6.34745 6.34695  6.3462 6.34486
6.38378  6.3842 6.38485 6.38544 6.38591 6.38628 6.38655 6.38675 6.38688 6.38697 6.38702 6.38706 6.38708 6.38709  6.3871  6.3871  6.3871  6.3871  6.3871  6.3871  6.3871  6.3871  6.3871  6.3871  6.3871  6.3871  6.3871  6.3871  6.3871  6.3871  6.3871  6.3871  6.3871  6.3871  6.3871  6.3871  6.3871  6.3871  6.3871  6.3871  6.3871  6.3871  6.3871  6.3871  6.3871  6.3871  6.3871  6.3871  6.3871  6.3871  6.3871  6.3871  6.3871  6.3871  6.3871  6.3871  6.3871  6.3871  6.3871  6.3871  6.3871  6.3871  6.3871  6.3871  6.3871  6.3871  6.3871  6.3871  6.3871  6.3871  6.3871 6.38709 6.38707 6.38703 6.38695 6.38682 6.38658 6.38621 6.38565  6.3848 6.38329
6.41862 6.41909 6.41984 6.42051 6.42105 6.42147 6.42178   6.422 6.42215 6.42225 6.42231 6.42235 6.42237 6.42239 6.42239  6.4224  6.4224  6.4224  6.4224  6.4224  6.4224  6.4224  6.4224  6.4224  6.4224  6.4224  6.4224  6.4224  6.4224  6.4224  6.4224  6.4224  6.4224  6.4224  6.4224  6.4224  6.4224  6.4224  6.4224  6.4224  6.4224  6.4224  6.4224  6.4224  6.4224  6.4224  6.4224  6.4224  6.4224  6.4224  6.4224  6.4224  6.4224  6.4224  6.4224  6.4224  6.4224  6.4224  6.4224  6.4224  6.4224  6.4224  6.4224  6.4224  6.4224  6.4224  6.4224  6.4224  6.4224  6.4224 6.42239 6.42238 6.42236 6.42232 6.42223 6.42208 6.42182  6.4214 6.42075 6.41978 6.41806
6.44996  6.4505 6.45135 6.45212 6.45275 6.45323 6.45358 6.45383   6.454 6.45411 6.45419 6.45423 6.45426 6.45427 6.45428 6.45429 6.45429 6.45429 6.45429 6.45429 6.45429 6.45429 6.45429 6.45429 6.45429 6.45429 6.45429 6.45429 6.45429 6.45429 6.45429 6.45429 6.45429 6.45429 6.45429 6.45429 6.45429 6.45429 6.45429 6.45429 6.45429 6.45429 6.45429 6.45429 6.45429 6.45429 6.45429 6.45429 6.45429 6.45429 6.45429 6.45429 6.45429 6.45429 6.45429 6.45429 6.45429 6.45429 6.45429 6.45429 6.45429 6.45429 6.45429 6.45429 6.45429 6.45429 6.45429 6.45429 6.45429 6.45429 6.45428 6.45427 6.45425  6.4542  6.4541 6.45393 6.45363 6.45315 6.45241  6.4513 6.44931
6.47801 6.47863 6.47961 6.48049 6.48121 6.48176 6.48216 6.48245 6.48265 6.48277 6.48286 6.48291 6.48294 6.48296 6.48297 6.48297 6.48297 6.48298 6.48298 6.48298 6.48298 6.48298 6.48298 6.48298 6.48298 6.48298 6.48298 6.48298 6.48298 6.48298 6.48298 6.48298 6.48298 6.48298 6.48298 6.48298 6.48298 6.48298 6.48298 6.48298 6.48298 6.48298 6.48298 6.48298 6.48298 6.48298 6.48298 6.48298 6.48298 6.48298 6.48298 6.48298 6.48298 6.48298 6.48298 6.48298 6.48298 6.48298 6.48298 6.48298 6.48298 6.48298 6.48298 6.48298 6.48298 6.48298 6.48298 6.48298 6.48297 6.48297 6.48297 6.48295 6.48293 6.48287 6.48276 6.48257 6.48223 6.48168 6.48083 6.47955 6.47725
6.50302 6.50373 6.50486 6.50587 6.50669 6.50731 6.50778  6.5081 6.50833 6.50847 6.50857 6.50862 6.50866 6.50868 6.50869  6.5087  6.5087  6.5087  6.5087  6.5087  6.5087  6.5087  6.5087  6.5087  6.5087  6.5087  6.5087  6.5087  6.5087  6.5087  6.5087  6.5087  6.5087  6.5087  6.5087  6.5087  6.5087  6.5087  6.5087  6.5087  6.5087  6.5087  6.5087  6.5087  6.5087  6.5087  6.5087  6.5087  6.5087  6.5087  6.5087  6.5087  6.5087  6.5087  6.5087  6.5087  6.5087  6.5087  6.5087  6.5087  6.5087  6.5087  6.5087  6.5087  6.5087  6.5087  6.5087  6.5087  6.5087  6.5087 6.50869 6.50868 6.50865 6.50858 6.50846 6.50824 6.50786 6.50724 6.50627  6.5048 6.50214
6.52532 6.52612  6.5274 6.52855 6.52947 6.53019 6.53071 6.53108 6.53133  6.5315  6.5316 6.53167 6.53171 6.53173 6.53174 6.53175 6.53175 6.53175 6.53175 6.53175 6.53175 6.53175 6.53175 6.53175 6.53175 6.53175 6.53175 6.53175 6.53175 6.53175 6.53175 6.53175 6.53175 6.53175 6.53175 6.53175 6.53175 6.53175 6.53175 6.53175 6.53175 6.53175 6.53175 6.53175 6.53175 6.53175 6.53175 6.53175 6.53175 6.53175 6.53175 6.53175 6.53175 6.53175 6.53175 6.53175 6.53175 6.53175 6.53175 6.53175 6.53175 6.53175 6.53175 6.53175 6.53175 6.53175 6.53175 6.53175 6.53175 6.53175 6.53174 6.53173 6.53169 6.53162 6.53149 6.53124 6.53082 6.53011 6.52902 6.52735  6.5243
6.54524 6.54614 6.54757 6.54886  6.5499 6.55069 6.55128 6.55169 6.55198 6.55216 6.55228 6.55235 6.55239 6.55242 6.55243 6.55244 6.55244 6.55244 6.55244 6.55244 6.55245 6.55245 6.55245 6.55245 6.55245 6.55245 6.55245 6.55245 6.55245 6.55245 6.55245 6.55245 6.55245 6.55245 6.55245 6.55245 6.55245 6.55244 6.55244 6.55244 6.55244 6.55244 6.55244 6.55244 6.55244 6.55244 6.55244 6.55244 6.55244 6.55244 6.55244 6.55244 6.55244 6.55245 6.55245 6.55245 6.55245 6.55245 6.55245 6.55245 6.55245 6.55245 6.55245 6.55245 6.55245 6.55245 6.55244 6.55244 6.55244 6.55244 6.55243 6.55242 6.55238  6.5523 6.55216 6.55189 6.55141 6.55064 6.54941 6.54754 6.54407
6.56316 6.56415 6.56572 6.56714 6.56829 6.56917 6.56981 6.57027 6.57058 6.57078 6.57091 6.57099 6.57104 6.57106 6.57108 6.57109 6.57109 6.57109 6.57109 6.57109 6.57109 6.57109 6.57109 6.57109 6.57109 6.57109 6.57109 6.57109 6.57109 6.57109 6.57109 6.57109 6.57109 6.57109 6.57109 6.57109 6.57109 6.57109 6.57109 6.57109 6.57109 6.57109 6.57109 6.57109 6.57109 6.57109 6.57109 6.57109 6.57109 6.57109 6.57109 6.57109 6.57109 6.57109 6.57109 6.57109 6.57109 6.57109 6.57109 6.57109 6.57109 6.57109 6.57109 6.57109 6.57109 6.57109 6.57109 6.57109 6.57109 6.57109 6.57108 6.57106 6.57102 6.57094 6.57078 6.57049 6.56998 6.56913 6.56779 6.56571 6.56183
6.57943 6.58049 6.58219 6.58372 6.58497 6.58592 6.58662 6.58712 6.58746 6.58768 6.58781  6.5879 6.58795 6.58798 6.58799   6.588   6.588 6.58801 6.58801 6.58801 6.58801 6.58801 6.58801 6.58801 6.58801 6.58801 6.58801 6.58801 6.58801 6.58801 6.58801 6.58801 6.58801 6.58801 6.58801 6.58801 6.58801 6.58801 6.58801 6.58801 6.58801 6.58801 6.58801 6.58801 6.58801 6.58801 6.58801 6.58801 6.58801 6.58801 6.58801 6.58801 6.58801 6.58801 6.58801 6.58801 6.58801 6.58801 6.58801 6.58801 6.58801 6.58801 6.58801 6.58801 6.58801 6.58801 6.58801 6.58801 6.58801   6.588 6.58799 6.58797 6.58793 6.58785 6.58768 6.58737 6.58682 6.58592 6.58447 6.58222 6.57796
6.58071 6.58176 6.58355 6.58518  6.5865 6.58752 6.58827 6.58879 6.58915 6.58938 6.58953 6.58962 6.58967  6.5897 6.58972 6.58972 6.58973 6.58973 6.58973 6.58973 6.58973 6.58973 6.58973 6.58973 6.58973 6.58973 6.58973 6.58973 6.58973 6.58973 6.58973 6.58973 6.58973 6.58973 6.58973 6.58973 6.58973 6.58973 6.58973 6.58973 6.58973 6.58973 6.58973 6.58973 6.58973 6.58973 6.58973 6.58973 6.58973 6.58973 6.58973 6.58973 6.58973 6.58973 6.58973 6.58973 6.58973 6.58973 6.58973 6.58973 6.58973 6.58973 6.58973 6.58973 6.58973 6.58973 6.58973 6.58973 6.58973 6.58973 6.58972  6.5897 6.58965 6.58957 6.58939 6.58907  6.5885 6.58756 6.58606 6.58368 6.57905
6.55332 6.55439 6.55624 6.55792 6.55929 6.56034 6.56112 6.56166 6.56202 6.56226 6.56241  6.5625 6.56255 6.56258 6.56259  6.5626 6.56261 6.56261 6.56261 6.56261 6.56261 6.56261 6.56261 6.56261 6.56261 6.56261 6.56261 6.56261 6.56261 6.56261 6.56261 6.56261 6.56261 6.56261 6.56261 6.56261 6.56261 6.56261 6.56261 6.56261 6.56261 6.56261 6.56261 6.56261 6.56261 6.56261 6.56261 6.56261 6.56261 6.56261 6.56261 6.56261 6.56261 6.56261 6.56261 6.56261 6.56261 6.56261 6.56261 6.56261 6.56261 6.56261 6.56261 6.56261 6.56261 6.56261 6.56261 6.56261 6.56261  6.5626 6.56259 6.56257 6.56253 6.56243 6.56226 6.56192 6.56134 6.56037 6.55883 6.55639 6.55157
6.49765 6.49876 6.50062 6.50232  6.5037 6.50475 6.50552 6.50606 6.50642 6.50665 6.50679 6.50688 6.50693 6.50695 6.50697 6.50697 6.50698 6.50698 6.50698 6.50698 6.50698 6.50698 6.50698 6.50698 6.50698 6.50698 6.50698 6.50698 6.50698 6.50698 6.50698 6.50698 6.50698 6.50698 6.50698 6.50698 6.50698 6.50698 6.50698 6.50698 6.50698 6.50698 6.50698 6.50698 6.50698 6.50698 6.50698 6.50698 6.50698 6.50698 6.50698 6.50698 6.50698 6.50698 6.50698 6.50698 6.50698 6.50698 6.50698 6.50698 6.50698 6.50698 6.50698 6.50698 6.50698 6.50698 6.50698 6.50698 6.50698 6.50697 6.50696 6.50694 6.50689  6.5068 6.50662 6.50628 6.50569 6.50471 6.50317 6.50073  6.4959
6.41443 6.41557 6.41741 6.41907 6.42041 6.42143 6.42217 6.42268 6.42302 6.42324 6.42337 6.42344 6.42348 6.42351 6.42352 6.42352 6.42352 6.42352 6.42352 6.42352 6.42352 6.42352 6.42352 6.42352 6.42352 6.42352 6.42352 6.42352 6.42352 6.42352 6.42352 6.42352 6.42352 6.42352 6.42352 6.42352 6.42352 6.42352 6.42352 6.42352 6.42352 6.42352 6.42352 6.42352 6.42352 6.42352 6.42352 6.42352 6.42352 6.42352 6.42352 6.42352 6.42352 6.42352 6.42352 6.42352 6.42352 6.42352 6.42352 6.42352 6.42352 6.42352 6.42352 6.42352 6.42352 6.42352 6.42352 6.42352 6.42352 6.42352 6.42351 6.42348 6.42344 6.42334 6.42315 6.42281 6.42222 6.42126 6.41976 6.41741 6.41278
6.30465 6.30582 6.30758 6.30916 6.31042 6.31136 6.31204 6.31251 6.31281 6.31299  6.3131 6.31317  6.3132 6.31321 6.31322 6.31322 6.31322 6.31322 6.31322 6.31322 6.31322 6.31322 6.31322 6.31322 6.31322 6.31322 6.31322 6.31322 6.31322 6.31322 6.31322 6.31322 6.31322 6.31322 6.31322 6.31322 6.31322 6.31322 6.31322 6.31322 6.31322 6.31322 6.31322 6.31322 6.31322 6.31322 6.31322 6.31322 6.31322 6.31322 6.31322 6.31322 6.31322 6.31322 6.31322 6.31322 6.31322 6.31322 6.31322 6.31322 6.31322 6.31322 6.31322 6.31322 6.31322 6.31322 6.31322 6.31322 6.31322 6.31321  6.3132 6.31318 6.31313 6.31303 6.31285 6.31251 6.31194 6.31101 6.30959 6.30743 6.30322
6.16956 6.17075 6.17238 6.17382 6.17494 6.17578 6.17637 6.17676   6.177 6.17715 6.17723 6.17727 6.17729  6.1773  6.1773  6.1773  6.1773 6.17729 6.17729 6.17729 6.17729 6.17729 6.17729 6.17729 6.17729 6.17729 6.17729 6.17729 6.17729 6.17729 6.17729 6.17729 6.17729 6.17729 6.17729 6.17729 6.17729 6.17729 6.17729 6.17729 6.17729 6.17729 6.17729 6.17729 6.17729 6.17729 6.17729 6.17729 6.17729 6.17729 6.17729 6.17729 6.17729 6.17729 6.17729 6.17729 6.17729 6.17729 6.17729 6.17729 6.17729 6.17729 6.17729 6.17729 6.17729 6.17729 6.17729 6.17729 6.17729 6.17728 6.17727 6.17725  6.1772  6.1771 6.17692 6.17659 6.17605 6.17519 6.17391 6.17202 6.16843
6.01057 6.01176 6.01321 6.01444 6.01539 6.01607 6.01653 6.01683   6.017 6.01709 6.01714 6.01715 6.01716 6.01715 6.01715 6.01714 6.01714 6.01713 6.01713 6.01713 6.01713 6.01713 6.01713 6.01713 6.01713 6.01713 6.01713 6.01713 6.01713 6.01713 6.01713 6.01713 6.01713 6.01713 6.01713 6.01713 6.01713 6.01713 6.01713 6.01713 6.01713 6.01713 6.01713 6.01713 6.01713 6.01713 6.01713 6.01713 6.01713 6.01713 6.01713 6.01713 6.01713 6.01713 6.01713 6.01713 6.01713 6.01713 6.01713 6.01713 6.01713 6.01713 6.01713 6.01713 6.01713 6.01713 6.01713 6.01713 6.01713 6.01712 6.01711 6.01709 6.01704 6.01694 6.01677 6.01646 6.01597 6.01521 6.01412 6.01259 6.00984
5.82918 5.83034 5.83154 5.83252 5.83324 5.83373 5.83404 5.83422  5.8343 5.83433 5.83433 5.83432  5.8343 5.83428 5.83427 5.83426 5.83425 5.83425 5.83425 5.83424 5.83424 5.83424 5.83424 5.83424 5.83424 5.83424 5.83424 5.83424 5.83424 5.83424 5.83424 5.83424 5.83424 5.83424 5.83424 5.83424 5.83424 5.83424 5.83424 5.83424 5.83424 5.83424 5.83424 5.83424 5.83424 5.83424 5.83424 5.83424 5.83424 5.83424 5.83424 5.83424 5.83424 5.83424 5.83424 5.83424 5.83424 5.83424 5.83424 5.83424 5.83424 5.83424 5.83424 5.83424 5.83424 5.83424 5.83424 5.83424 5.83424 5.83423 5.83422  5.8342 5.83415 5.83406  5.8339 5.83363  5.8332 5.83257 5.83173 5.83065 5.82893
5.62693 5.62802 5.62892 5.62959 5.63004 5.63031 5.63044 5.63048 5.63046 5.63042 5.63037 5.63032 5.63028 5.63025 5.63023 5.63021  5.6302  5.6302 5.63019 5.63019 5.63019 5.63019 5.63019 5.63019 5.63019 5.63019 5.63019 5.63019 5.63019 5.63019 5.63019 5.63019 5.63019 5.63019 5.63019 5.63019 5.63019 5.63019 5.63019 5.63019 5.63019 5.63019 5.63019 5.63019 5.63019 5.63019 5.63019 5.63019 5.63019 5.63019 5.63019 5.63019 5.63019 5.63019 5.63019 5.63019 5.63019 5.63019 5.63019 5.63019 5.63019 5.63019 5.63019 5.63019 5.63019 5.63019 5.63019 5.63018 5.63018 5.63018 5.63017 5.63014  5.6301 5.63002 5.62988 5.62965 5.62931 5.62885  5.6283 5.62775 5.62722
5.40535 5.40631 5.40686 5.40718 5.40732 5.40734 5.40727 5.40715 5.40702  5.4069  5.4068 5.40671 5.40665 5.40661 5.40657 5.40655 5.40654 5.40653 5.40653 5.40653 5.40652 5.40652 5.40652 5.40652 5.40652 5.40652 5.40652 5.40652 5.40652 5.40652 5.40652 5.40652 5.40652 5.40652 5.40652 5.40652 5.40652 5.40652 5.40652 5.40652 5.40652 5.40652 5.40652 5.40652 5.40652 5.40652 5.40652 5.40652 5.40652 5.40652 5.40652 5.40652 5.40652 5.40652 5.40652 5.40652 5.40652 5.40652 5.40652 5.40652 5.40652 5.40652 5.40652 5.40652 5.40652 5.40652 5.40652 5.40652 5.40652 5.40651  5.4065 5.40648 5.40644 5.40637 5.40626 5.40609 5.40586 5.40559 5.40538 5.40542 5.40622
5.16585  5.1666 5.16675 5.16669 5.16651 5.16625 5.16597  5.1657 5.16546 5.16526  5.1651 5.16499  5.1649 5.16484 5.16481 5.16478 5.16477 5.16476 5.16475 5.16475 5.16475 5.16474 5.16474 5.16474 5.16474 5.16474 5.16474 5.16474 5.16474 5.16474 5.16474 5.16474 5.16474 5.16474 5.16474 5.16474 5.16474 5.16474 5.16474 5.16474 5.16474 5.16474 5.16474 5.16474 5.16474 5.16474 5.16474 5.16474 5.16474 5.16474 5.16474 5.16474 5.16474 5.16474 5.16474 5.16474 5.16474 5.16474 5.16474 5.16474 5.16474 5.16474 5.16474 5.16474 5.16474 5.16474 5.16474 5.16474 5.16474 5.16474 5.16473 5.16471 5.16468 5.16463 5.16455 5.16444 5.16433 5.16428 5.16444 5.16511 5.16729
4.90962 4.91006 4.90979 4.90934 4.90883 4.90832 4.90785 4.90743 4.90709 4.90683 4.90663 4.90649 4.90639 4.90633 4.90628 4.90626 4.90624 4.90623 4.90622 4.90622 4.90622 4.90622 4.90622 4.90622 4.90622 4.90622 4.90622 4.90622 4.90622 4.90622 4.90622 4.90622 4.90622 4.90622 4.90622 4.90622 4.90622 4.90622 4.90622 4.90622 4.90622 4.90622 4.90622 4.90622 4.90622 4.90622 4.90622 4.90622 4.90622 4.90622 4.90622 4.90622 4.90622 4.90622 4.90622 4.90622 4.90622 4.90622 4.90622 4.90622 4.90622 4.90622 4.90622 4.90622 4.90622 4.90622 4.90622 4.90622 4.90621 4.90621  4.9062 4.90619 4.90617 4.90614  4.9061 4.90607 4.90609 4.90627 4.90679 4.90808 4.91157
4.63767 4.63766 4.63697 4.63616 4.63539 4.63468 4.63407 4.63358 4.63319 4.63291  4.6327 4.63256 4.63247 4.63241 4.63237 4.63234 4.63233 4.63232 4.63231 4.63231 4.63231 4.63231  4.6323  4.6323  4.6323  4.6323  4.6323  4.6323  4.6323  4.6323  4.6323  4.6323  4.6323  4.6323  4.6323  4.6323  4.6323  4.6323  4.6323  4.6323  4.6323  4.6323  4.6323  4.6323  4.6323  4.6323  4.6323  4.6323  4.6323  4.6323  4.6323  4.6323  4.6323  4.6323  4.6323  4.6323  4.6323  4.6323  4.6323  4.6323  4.6323  4.6323  4.6323  4.6323  4.6323  4.6323  4.6323  4.6323  4.6323  4.6323  4.6323 4.63229 4.63228 4.63226 4.63226  4.6323 4.63244 4.63281 4.63364 4.63543 4.63995
4.35139 4.35058 4.34958 4.34872 4.34819 4.34819 4.34819 4.34819 4.34819 4.34819 4.34819 4.34819 4.34819 4.34819 4.34819 4.34819 4.34819 4.34819 4.34819 4.34819 4.34819 4.34819 4.34819 4.34819 4.34819 4.34819 4.34819 4.34819 4.34819 4.34819 4.34819 4.34819 4.34819 4.34819 4.34819 4.34819 4.34819 4.34819 4.34819 4.34819 4.34819 4.34819 4.34819 4.34819 4.34819 4.34819 4.34819 4.34819 4.34819 4.34819 4.34819 4.34819 4.34819 4.34819 4.34819 4.34819 4.34819 4.34819 4.34819 4.34819 4.34819 4.34819 4.34819 4.34819 4.34819 4.34819 4.34819 4.34819 4.34819 4.34819 4.34819 4.34819 4.34819 4.34819 4.34819 4.34819 4.34819 4.34819 4.34819 4.34879 4.35342
4.05563 4.05563 4.05563 4.05563 4.05563 4.05563 4.05563 4.05563 4.05563 4.05563 4.05563 4.05563 4.05563 4.05563 4.05563 4.05563 4.05563 4.05563 4.05563 4.05563 4.05563 4.05563 4.05563 4.05563 4.05563 4.05563 4.05563 4.05563 4.05563 4.05563 4.05563 4.05563 4.05563 4.05563 4.05563 4.05563 4.05563 4.05563 4.05563 4.05563 4.05563 4.05563 4.05563 4.05563 4.05563 4.05563 4.05563 4.05563 4.05563 4.05563 4.05563 4.05563 4.05563 4.05563 4.05563 4.05563 4.05563 4.05563 4.05563 4.05563 4.05563 4.05563 4.05563 4.05563 4.05563 4.05563 4.05563 4.05563 4.05563 4.05563 4.05563 4.05563 4.05563 4.05563 4.05563 4.05563 4.05563 4.05563 4.05563 4.05563 4.05563
   3.75    3.75    3.75    3.75    3.75    3.75    3.75    3.75    3.75    3.75    3.75    3.75    3.75    3.75    3.75    3.75    3.75    3.75    3.75    3.75    3.75    3.75    3.75    3.75    3.75    3.75    3.75    3.75    3.75    3.75    3.75    3.75    3.75    3.75    3.75    3.75    3.75    3.75    3.75    3.75    3.75    3.75    3.75    3.75    3.75    3.75    3.75    3.75    3.75    3.75    3.75    3.75    3.75    3.75    3.75    3.75    3.75    3.75    3.75    3.75    3.75    3.75    3.75    3.75    3.75    3.75    3.75    3.75    3.75    3.75    3.75    3.75    3.75    3.75    3.75    3.75    3.75    3.75    3.75    3.75    3.75
3.43259 3.43259 3.43259 3.43259 3.43259 3.43259 3.43259 3.43259 3.43259 3.43259 3.43259 3.43259 3.43259 3.43259 3.43259 3.43259 3.43259 3.43259 3.43259 3.43259 3.43259 3.43259 3.43259 3.43259 3.43259 3.43259 3.43259 3.43259 3.43259 3.43259 3.43259 3.43259 3.43259 3.43259 3.43259 3.43259 3.43259 3.43259 3.43259 3.43259 3.43259 3.43259 3.43259 3.43259 3.43259 3.43259 3.43259 3.43259 3.43259 3.43259 3.43259 3.43259 3.43259 3.43259 3.43259 3.43259 3.43259 3.43259 3.43259 3.43259 3.43259 3.43259 3.43259 3.43259 3.43259 3.43259 3.43259 3.43259 3.43259 3.43259 3.43259 3.43259 3.43259 3.43259 3.43259 3.43259 3.43259 3.43259 3.43259 3.43259 3.43259
3.10476 3.10476 3.10476 3.10476 3.10476 3.10476 3.10476 3.10476 3.10476 3.10476 3.10476 3.10476 3.10476 3.10476 3.10476 3.10476 3.10476 3.10476 3.10476 3.10476 3.10476 3.10476 3.10476 3.10476 3.10476 3.10476 3.10476 3.10476 3.10476 3.10476 3.10476 3.10476 3.10476 3.10476 3.10476 3.10476 3.10476 3.10476 3.10476 3.10476 3.10476 3.10476 3.10476 3.10476 3.10476 3.10476 3.10476 3.10476 3.10476 3.10476 3.10476 3.10476 3.10476 3.10476 3.10476 3.10476 3.10476 3.10476 3.10476 3.10476 3.10476 3.10476 3.10476 3.10476 3.10476 3.10476 3.10476 3.10476 3.10476 3.10476 3.10476 3.10476 3.10476 3.10476 3.10476 3.10476 3.10476 3.10476 3.10476 3.10476 3.10476
2.76792 2.76792 2.76792 2.76792 2.76792 2.76792 2.76792 2.76792 2.76792 2.76792 2.76792 2.76792 2.76792 2.76792 2.76792 2.76792 2.76792 2.76792 2.76792 2.76792 2.76792 2.76792 2.76792 2.76792 2.76792 2.76792 2.76792 2.76792 2.76792 2.76792 2.76792 2.76792 2.76792 2.76792 2.76792 2.76792 2.76792 2.76792 2.76792 2.76792 2.76792 2.76792 2.76792 2.76792 2.76792 2.76792 2.76792 2.76792 2.76792 2.76792 2.76792 2.76792 2.76792 2.76792 2.76792 2.76792 2.76792 2.76792 2.76792 2.76792 2.76792 2.76792 2.76792 2.76792 2.76792 2.76792 2.76792 2.76792 2.76792 2.76792 2.76792 2.76792 2.76792 2.76792 2.76792 2.76792 2.76792 2.76792 2.76792 2.76792 2.76792
 2.4235  2.4235  2.4235  2.4235  2.4235  2.4235  2.4235  2.4235  2.4235  2.4235  2.4235  2.4235  2.4235  2.4235  2.4235  2.4235  2.4235  2.4235  2.4235  2.4235  2.4235  2.4235  2.4235  2.4235  2.4235  2.4235  2.4235  2.4235  2.4235  2.4235  2.4235  2.4235  2.4235  2.4235  2.4235  2.4235  2.4235  2.4235  2.4235  2.4235  2.4235  2.4235  2.4235  2.4235  2.4235  2.4235  2.4235  2.4235  2.4235  2.4235  2.4235  2.4235  2.4235  2.4235  2.4235  2.4235  2.4235  2.4235  2.4235  2.4235  2.4235  2.4235  2.4235  2.4235  2.4235  2.4235  2.4235  2.4235  2.4235  2.4235  2.4235  2.4235  2.4235  2.4235  2.4235  2.4235  2.4235  2.4235  2.4235  2.4235  2.4235
  2.073   2.073   2.073   2.073   2.073   2.073   2.073   2.073   2.073   2.073   2.073   2.073   2.073   2.073   2.073   2.073   2.073   2.073   2.073   2.073   2.073   2.073   2.073   2.073   2.073   2.073   2.073   2.073   2.073   2.073   2.073   2.073   2.073   2.073   2.073   2.073   2.073   2.073   2.073   2.073   2.073   2.073   2.073   2.073   2.073   2.073   2.073   2.073   2.073   2.073   2.073   2.073   2.073   2.073   2.073   2.073   2.073   2.073   2.073   2.073   2.073   2.073   2.073   2.073   2.073   2.073   2.073   2.073   2.073   2.073   2.073   2.073   2.073   2.073   2.073   2.073   2.073   2.073   2.073   2.073   2.073
1.71789 1.71789 1.71789 1.71789 1.71789 1.71789 1.71789 1.71789 1.71789 1.71789 1.71789 1.71789 1.71789 1.71789 1.71789 1.71789 1.71789 1.71789 1.71789 1.71789 1.71789 1.71789 1.71789 1.71789 1.71789 1.71789 1.71789 1.71789 1.71789 1.71789 1.71789 1.71789 1.71789 1.71789 1.71789 1.71789 1.71789 1.71789 1.71789 1.71789 1.71789 1.71789 1.71789 1.71789 1.71789 1.71789 1.71789 1.71789 1.71789 1.71789 1.71789 1.71789 1.71789 1.71789 1.71789 1.71789 1.71789 1.71789 1.71789 1.71789 1.71789 1.71789 1.71789 1.71789 1.71789 1.71789 1.71789 1.71789 1.71789 1.71789 1.71789 1.71789 1.71789 1.71789 1.71789 1.71789 1.71789 1.71789 1.71789 1.71789 1.71789
1.35972 1.35972 1.35972 1.35972 1.35972 1.35972 1.35972 1.35972 1.35972 1.35972 1.35972 1.35972 1.35972 1.35972 1.35972 1.35972 1.35972 1.35972 1.35972 1.35972 1.35972 1.35972 1.35972 1.35972 1.35972 1.35972 1.35972 1.35972 1.35972 1.35972 1.35972 1.35972 1.35972 1.35972 1.35972 1.35972 1.35972 1.35972 1.35972 1.35972 1.35972 1.35972 1.35972 1.35972 1.35972 1.35972 1.35972 1.35972 1.35972 1.35972 1.35972 1.35972 1.35972 1.35972 1.35972 1.35972 1.35972 1.35972 1.35972 1.35972 1.35972 1.35972 1.35972 1.35972 1.35972 1.35972 1.35972 1.35972 1.35972 1.35972 1.35972 1.35972 1.35972 1.35972 1.35972 1.35972 1.35972 1.35972 1.35972 1.35972 1.35972
      1       1       1       1       1       1       1       1       1       1       1       1       1       1       1       1       1       1       1       1       1       1       1       1       1       1       1       1       1       1       1       1       1       1       1       1       1       1       1       1       1       1       1       1       1       1       1       1       1       1       1       1       1       1       1       1       1       1       1       1       1       1       1       1       1       1       1       1       1       1       1       1       1       1       1       1       1       1       1       1       1

