Defromation Results
395.971 441.419 468.142  487.43 502.079  513.53 522.663 530.039 536.033   540.9  544.82  547.92 550.291 551.998 553.084 553.576 553.483 552.804  551.52 549.598 546.985 543.602 539.339 534.039 527.472 519.291 508.949 495.501 477.093 449.336 398.765
407.261 452.991 479.867 499.255 513.964 525.453 534.609 542.001 548.006 552.881 556.807 559.912 562.287 563.998 565.087  565.58  565.49 564.813 563.531 561.611 558.999 555.618 551.357 546.058 539.492 531.313 520.971 507.519 489.094 461.229 409.923
414.475 460.439 487.468 506.958 521.728 533.254 542.434 549.842 555.858 560.742 564.675 567.785 570.164 571.878  572.97 573.466 573.378 572.703 571.423 569.505 566.895 563.515 559.256  553.96 547.395 539.218 528.877 515.424 496.986 469.023 416.988
419.302 465.458 492.639 512.232 527.064 538.627 547.831 555.255 561.283 566.175 570.114 573.229 575.613 577.331 578.425 578.924 578.839 578.166 576.888 574.971 572.363 568.986 564.729 559.435 552.873 544.698 534.359 520.907 502.458 474.403 421.657
422.427 468.737 496.067 515.764 530.657 542.257 551.485 558.926 564.965 569.866 573.811 576.932  579.32 581.041 582.139  582.64 582.557 581.886  580.61 578.696  576.09 572.715  568.46 563.168 556.609 548.436 538.101  524.65 506.195 478.051 424.619
424.241 470.668 498.143 517.943 532.897 544.535 553.786 561.243 567.294 572.203 576.155 579.281 581.673 583.398 584.499 585.003 584.922 584.254  582.98 581.068 578.464 575.091 570.838 565.549 558.992 550.823 540.492 527.044 508.583 480.356 426.265
425.001 471.508 499.126 519.027 534.043 545.717 554.993 562.465 568.528 573.445 577.404 580.535 582.931 584.659 585.763  586.27 586.192 585.526 584.254 582.344 579.742 576.371 572.122 566.835 560.281 552.116 541.788 528.344 509.881 481.573 426.857
424.896 471.446 499.203 519.205 534.281 545.993 555.291  562.78 568.853 573.779 577.744  580.88 583.281 585.012 586.119 586.629 586.553 585.889  584.62 582.712 580.112 576.744 572.497 567.213 560.663 552.501 542.178 528.739 510.274  481.89 426.581
424.069 470.628 498.519 518.621 533.757 545.505 554.826 562.331 568.415  573.35 577.321 580.462 582.867 584.602 585.712 586.224 586.151 585.489 584.222 582.316 579.719 576.353 572.108 566.827  560.28 552.123 541.805 528.371 509.906  481.45 425.584
422.637 469.169  497.19 517.391 532.587  544.37 553.715 561.234  567.33 572.273  576.25 579.396 581.805 583.543 584.656 585.171   585.1 584.441 583.176 581.273 578.677 575.314 571.072 565.794 559.251 551.098 540.785 527.357 508.894 480.369 423.982
420.695 467.168 495.315 515.613 530.867 542.686 552.053 559.588 565.694 570.645 574.628 577.779 580.192 581.934  583.05 583.568 583.499 582.842 581.579 579.678 577.085 573.724 569.484 564.209  557.67 549.521 539.214 525.793 507.333 478.742  421.87
418.325 464.706 492.976 513.369 528.681 540.534 549.923 557.473  563.59 568.548 572.538 575.694 578.111 579.856 580.975 581.495 581.429 580.774 579.514 577.614 575.024 571.665 567.428 562.156 555.621 547.477 537.175 523.762 505.305 476.652 419.332
415.598 461.857 490.244 510.731 526.099 537.986 547.397 554.962 561.089 566.055 570.051 573.212 575.632 577.381 578.503 579.026 578.962 578.309 577.051 575.154 572.565 569.209 564.975 559.706 553.174 545.035  534.74 521.334 502.883 474.171 416.439
412.575 458.683 487.183 507.763 523.186 535.107 544.539 552.118 558.255 563.229 567.231 570.396 572.821 574.572 575.697 576.222 576.161  575.51 574.254 572.359 569.773 566.419 562.188 556.923 550.394  542.26 531.971 518.573 500.129 471.361 413.251
409.311 455.242 483.851 504.521 519.998 531.951 541.404 548.997 555.145 560.126 564.133 567.303 569.732 571.487 572.614 573.142 573.083 572.434  571.18 569.288 566.704 563.352 559.124 553.861 547.337 539.207 528.925 515.536 497.099 468.279 409.824
405.856 451.585 480.299 501.056 516.587 528.572 538.045 545.652 551.809 556.797  560.81 563.985 566.417 568.175 569.305 569.835 569.778 569.132  567.88 565.989 563.408 560.059 555.833 550.574 544.053 535.929 525.653 512.272 493.844 464.974 406.208
402.253 447.758 476.573 497.416 512.998 525.014 534.507 542.127 548.294  553.29 557.308 560.487 562.922 564.684 565.816 566.349 566.294  565.65   564.4 562.512 559.932 556.586 552.363 547.106  540.59  532.47 522.201  508.83  490.41 461.495 402.447
398.543 443.805 472.717 493.643 509.275 521.322 530.834 538.467 544.643 549.645 553.669 556.852 559.291 561.055 562.191 562.726 562.673 562.031 560.783 558.897 556.319 552.975 548.755 543.502 536.989 528.874 518.612  505.25  486.84 457.882 398.582
394.763 439.765 468.769 489.776 505.458 517.534 527.064  534.71 540.895 545.904 549.933  553.12 555.562 557.329 558.467 559.004 558.954 558.314 557.068 555.184 552.609 549.267 545.049 539.799  533.29  525.18 514.924 501.572 483.172 454.175  394.65
390.947 435.674 464.767 485.852 501.581 513.686 523.235 530.892 537.086 542.102 546.135 549.326 551.772 553.542 554.682 555.222 555.173 554.535 553.291 551.409 548.836 545.496 541.281 536.034 529.529 521.424 511.175 497.832 479.444 450.409 390.685
387.126 431.567 460.744 481.905  497.68 509.812 519.379 527.048  533.25 538.272  542.31 545.505 547.954 549.727 550.869 551.411 551.364 550.728 549.486 547.606 545.035 541.697 537.484 532.241 525.739 517.639 507.397 494.064 475.687 446.618 386.718
383.328 427.475 456.732 477.966 493.785 505.944 515.527 523.208 529.418 534.446 538.489 541.688  544.14 545.915  547.06 547.603 547.559 546.924 545.684 543.805 541.236 537.901 533.691  528.45 521.953 513.857 503.622 490.299 471.933 442.833 382.779
 379.58 423.428  452.76 474.065 489.927 502.111  511.71 519.401 525.619 530.653 534.701 537.903 540.358 542.135 543.282 543.828 543.785 543.153 541.914 540.037  537.47 534.137 529.929 524.691 518.197 510.107 499.878 486.564  468.21 439.083 378.894
375.906 419.452 448.856 470.228  486.13 498.339 507.954 515.656 521.881  526.92 530.972 534.177 536.635 538.415 539.564 540.112 540.071  539.44 538.203 536.328 533.763 530.432 526.226 520.991 514.501 506.415 496.192 482.888 464.546 435.393 375.088
 372.33 415.572 445.045 466.481 482.422 494.654 504.283 511.995 518.228 523.272 527.328 530.537 532.997 534.779 535.931  536.48 536.441 535.811 534.576 532.703 530.139  526.81 522.607 517.375 510.887 502.806  492.59 479.295 460.965 431.789 371.383
368.871 411.814  441.35 462.848 478.826 491.079 500.723 508.444 514.683 519.732 523.792 527.004 529.467 531.252 532.405 532.956 532.918 532.291 531.057 529.185 526.623 523.296 519.095 513.865 507.381 499.304 489.094 475.809 457.491 428.294 367.802
 365.55 408.198 437.794 459.349 475.362 487.637 497.294 505.024 511.269 516.323 520.387 523.601 526.067 527.853 529.008 529.561 529.525 528.899 527.667 525.796 523.236 519.911 515.712 510.484 504.004 495.931 485.727  472.45 454.144 424.929 364.364
362.384 404.745 434.397 456.007 472.053 484.347 494.016 501.755 508.006 513.064 517.131 520.349 522.816 524.605 525.761 526.316 526.281 525.656 524.425 522.556 519.998 516.674 512.477 507.252 500.774 492.706 482.507 469.239 450.944 421.713 361.087
359.389 401.474 431.178 452.838 468.915 481.228 490.908 498.655 504.911 509.974 514.044 517.264 519.734 521.524 522.682 523.238 523.205 522.581 521.352 519.484 516.927 513.605  509.41 504.187 497.712 489.647 479.454 466.194 447.911 418.665 357.988
356.581 398.402 428.153 449.861 465.966 478.296 487.988 495.741 502.003 507.069 511.143 514.365 516.837 518.629 519.788 520.345 520.313 519.691 518.463 516.596 514.041  510.72 506.526 501.306 494.834 486.772 476.584 463.332 445.059 415.801 355.082
353.972 395.545  425.34 447.091 463.223 475.568 485.269  493.03 499.296 504.366 508.442 511.667  514.14 515.934 517.095 517.653 517.622 517.001 515.774 513.909 511.354 508.035 503.843 498.624 492.155 484.097 473.913 460.668 442.406 413.137 352.382
351.576 392.917 422.751 444.542 460.698 473.058 482.768 490.534 496.805 501.878 505.957 509.183 511.659 513.454 514.616 515.175 515.145 514.525 513.299 511.435 508.881 505.563 501.373 496.156 489.689 481.634 471.455 458.217 439.964 410.685 349.902
349.403 390.531 420.401 442.228 458.405 470.777 480.496 488.268 494.543 499.619 503.699 506.928 509.405 511.201 512.364 512.924 512.896 512.276 511.051 509.188 506.635 503.319  499.13 493.914 487.449 479.397 469.222  455.99 437.746 408.459 347.654
347.463 388.399   418.3 440.158 456.355 468.739 478.465 486.242  492.52 497.598 501.681 504.911 507.389 509.186 510.351 510.912 510.884 510.266 509.041 507.179 504.627 501.312 497.124  491.91 485.447 477.397 467.226 453.999 435.763  406.47 345.646
345.764  386.53 416.459 438.345 454.558 466.952 476.684 484.465 490.747 495.827 499.912 503.143 505.622 507.421 508.586 509.148 509.121 508.503 507.279 505.418 502.867 499.552 495.365 490.153 483.691 475.644 465.476 452.254 434.025 404.726 343.888
344.314 384.934 414.886 436.796 453.023 465.426 475.163 482.948 489.232 494.315   498.4 501.633 504.113 505.912 507.078 507.641 507.614 506.997 505.774 503.913 501.363 498.049 493.863 488.652 482.191 474.146  463.98 450.763  432.54 403.237 342.387
 343.12 383.619 413.589 435.518 451.758 464.167 473.909 481.697 487.983 493.067 497.154 500.387 502.868 504.668 505.835 506.398 506.372 505.755 504.533 502.672 500.123 496.809 492.624 487.414 480.955 472.911 462.747 449.533 431.315 402.009 341.151
342.185 382.589 412.574 434.519 450.767 463.182 472.927 480.717 487.005  492.09 496.178 499.412 501.894 503.694 504.862 505.425   505.4 504.783 503.561 501.701 499.152 495.839 491.655 486.445 479.986 471.944 461.782 448.571 430.357 401.048 340.184
341.515  381.85 411.846 433.801 450.056 462.475 472.223 480.014 486.303 491.389 495.478 498.713 501.195 502.996 504.163 504.727 504.702 504.086 502.864 501.004 498.455 495.143 490.959 485.749 479.292  471.25  461.09  447.88 429.669 400.358  339.49
341.112 381.405 411.408 433.369 449.628 462.049 471.799 479.591 485.881 490.967 495.057 498.292 500.774 502.575 503.743 504.307 504.282 503.666 502.444 500.585 498.036 494.724  490.54 485.331 478.873 470.832 460.673 447.465 429.255 399.943 339.073
340.977 381.257 411.261 433.225 449.485 461.907 471.657  479.45  485.74 490.827 494.916 498.151 500.634 502.435 503.602 504.167 504.141 503.526 502.304 500.444 497.896 494.584   490.4 485.191 478.734 470.693 460.533 447.326 429.117 399.804 338.934
341.112 381.405 411.408 433.369 449.628 462.049 471.799 479.591 485.881 490.967 495.057 498.292 500.774 502.575 503.743 504.307 504.282 503.666 502.444 500.585 498.036 494.724  490.54 485.331 478.873 470.832 460.673 447.464 429.255 399.943 339.073
341.515  381.85 411.846 433.801 450.056 462.475 472.223 480.014 486.303 491.389 495.478 498.713 501.195 502.996 504.163 504.727 504.702 504.086 502.864 501.004 498.455 495.143 490.959 485.749 479.292  471.25 461.089  447.88 429.669 400.358  339.49
342.185 382.589 412.574 434.519 450.767 463.182 472.927 480.717 487.005  492.09 496.178 499.412 501.894 503.694 504.861 505.425 505.399 504.783 503.561 501.701 499.152 495.839 491.654 486.445 479.986 471.944 461.782 448.571 430.357 401.048 340.184
 343.12 383.618 413.589 435.518 451.758 464.167 473.909 481.696 487.982 493.067 497.154 500.387 502.868 504.668 505.835 506.398 506.372 505.755 504.533 502.672 500.123 496.809 492.624 487.414 480.954  472.91 462.747 449.533 431.315 402.009 341.151
344.314 384.934 414.886 436.796 453.023 465.426 475.163 482.948 489.232 494.314   498.4 501.633 504.113 505.912 507.078 507.641 507.614 506.997 505.774 503.913 501.363 498.049 493.863 488.652 482.191 474.146  463.98 450.763  432.54 403.237 342.387
345.764  386.53 416.459 438.345 454.558 466.952 476.684 484.465 490.747 495.827 499.912 503.143 505.622 507.421 508.586 509.148 509.121 508.503 507.279 505.418 502.867 499.552 495.365 490.153 483.691 475.644 465.475 452.254 434.024 404.726 343.888
347.462 388.398   418.3 440.158 456.355 468.739 478.465 486.241  492.52 497.598 501.681 504.911 507.389 509.186 510.351 510.912 510.884 510.265 509.041 507.179 504.627 501.311 497.124  491.91 485.446 477.397 467.225 453.999 435.763  406.47 345.646
349.403 390.531 420.401 442.227 458.405 470.777 480.496 488.268 494.543 499.618 503.699 506.927 509.404   511.2 512.364 512.924 512.895 512.276 511.051 509.188 506.635 503.318 499.129 493.914 487.449 479.397 469.222  455.99 437.746 408.459 347.653
351.576 392.917 422.751 444.542 460.697 473.057 482.768 490.534 496.805 501.878 505.957 509.183 511.658 513.453 514.616 515.175 515.145 514.525 513.299 511.435 508.881 505.563 501.373 496.156 489.689 481.634 471.455 458.217 439.964 410.685 349.902
353.972 395.545 425.339 447.091 463.222 475.568 485.269 493.029 499.296 504.366 508.442 511.666  514.14 515.933 517.095 517.653 517.622 517.001 515.774 513.908 511.354 508.034 503.843 498.624 492.154 484.096 473.913 460.668 442.406 413.137 352.382
356.581 398.402 428.153 449.861 465.966 478.296 487.987 495.741 502.003 507.069 511.142 514.365 516.836 518.628 519.788 520.345 520.313 519.691 518.462 516.596  514.04  510.72 506.526 501.306 494.834 486.772 476.584 463.332 445.059 415.801 355.081
359.389 401.474 431.177 452.838 468.914 481.227 490.908 498.654 504.911 509.974 514.044 517.264 519.734 521.524 522.682 523.238 523.204 522.581 521.351 519.484 516.927 513.604 509.409 504.187 497.712 489.647 479.454 466.194  447.91 418.665 357.988
362.384 404.745 434.397 456.006 472.052 484.346 494.016 501.754 508.005 513.064 517.131 520.348 522.816 524.604 525.761 526.315 526.281 525.656 524.425 522.556 519.997 516.674 512.477 507.252 500.774 492.705 482.507 469.239 450.944 421.713 361.087
 365.55 408.198 437.794 459.349 475.362 487.637 497.293 505.024 511.269 516.323 520.386 523.601 526.067 527.853 529.008 529.561 529.525 528.898 527.666 525.796 523.236  519.91 515.711 510.484 504.003 495.931 485.726  472.45 454.143 424.929 364.364
368.871 411.814  441.35 462.847 478.825 491.079 500.723 508.444 514.683 519.732 523.792 527.004 529.467 531.251 532.404 532.955 532.918  532.29 531.056 529.184 526.623 523.296 519.094 513.865 507.381 499.304 489.094 475.808  457.49 428.294 367.802
372.329 415.572 445.044 466.481 482.422 494.653 504.283 511.995 518.227 523.271 527.328 530.536 532.997 534.779  535.93  536.48  536.44 535.811 534.576 532.702 530.139  526.81 522.606 517.374 510.887 502.806  492.59 479.295 460.965 431.789 371.383
375.906 419.451 448.855 470.228  486.13 498.338 507.953 515.655  521.88 526.919 530.971 534.177 536.635 538.415 539.564 540.111  540.07  539.44 538.203 536.327 533.762 530.431 526.226 520.991   514.5 506.414 496.192 482.888 464.546 435.393 375.087
379.579 423.427  452.76 474.065 489.926  502.11 511.709 519.401 525.619 530.652   534.7 537.902 540.357 542.135 543.282 543.827 543.785 543.152 541.914 540.037  537.47 534.137 529.929 524.691 518.197 510.106 499.877 486.564  468.21 439.082 378.893
383.327 427.475 456.731 477.966 493.785 505.943 515.527 523.207 529.418 534.445 538.489 541.687 544.139 545.914 547.059 547.603 547.558 546.924 545.684 543.805 541.236 537.901  533.69  528.45 521.952 513.857 503.621 490.298 471.932 442.833 382.779
387.125 431.567 460.743 481.905  497.68 509.812 519.378 527.047 533.249 538.271  542.31 545.505 547.954 549.726 550.869  551.41 551.364 550.728 549.486 547.605 545.034 541.697 537.484  532.24 525.739 517.639 507.397 494.064 475.686 446.618 386.718
390.947 435.674 464.766 485.852 501.581 513.685 523.234 530.892 537.086 542.101 546.135 549.326 551.772 553.541 554.682 555.221 555.173 554.535 553.291 551.408 548.835 545.496  541.28 536.033 529.528 521.424 511.175 497.832 479.443 450.409 390.685
394.763 439.764 468.768 489.776 505.457 517.533 527.064 534.709 540.894 545.903 549.932 553.119 555.562 557.329 558.467 559.004 558.953 558.313 557.068 555.183 552.608 549.266 545.048 539.798  533.29  525.18 514.924 501.572 483.172 454.174  394.65
398.543 443.804 472.716 493.642 509.275 521.321 530.834 538.466 544.642 549.645 553.669 556.851 559.291 561.055  562.19 562.725 562.672  562.03 560.783 558.896 556.319 552.975 548.754 543.501 536.989 528.874 518.611 505.249 486.839 457.881 398.582
402.253 447.757 476.572 497.415 512.997 525.014 534.507 542.127 548.294 553.289 557.308 560.486 562.922 564.683 565.816 566.348 566.294  565.65   564.4 562.511 559.932 556.585 552.362 547.106 540.589  532.47   522.2 508.829 490.409 461.494 402.447
405.855 451.584 480.298 501.056 516.586 528.571 538.044 545.651 551.808 556.797  560.81 563.984 566.416 568.174 569.304 569.835 569.778 569.131  567.88 565.989 563.407 560.058 555.832 550.573 544.053 535.928 525.652 512.272 493.843 464.974 406.208
409.311 455.241 483.851  504.52 519.997 531.951 541.404 548.996 555.144 560.125 564.133 567.303 569.731 571.486 572.613 573.141 573.082 572.434  571.18 569.287 566.703 563.352 559.123 553.861 547.336 539.207 528.924 515.535 497.098 468.278 409.824
412.575 458.683 487.183 507.762 523.185 535.106 544.538 552.117 558.255 563.228  567.23 570.395  572.82 574.572 575.696 576.222  576.16  575.51 574.254 572.359 569.773 566.419 562.188 556.922 550.394 542.259  531.97 518.573 500.128 471.361  413.25
415.597 461.856 490.243 510.731 526.098 537.986 547.396 554.961 561.088 566.055  570.05 573.211 575.632  577.38 578.502 579.025 578.961 578.308  577.05 575.153 572.565 569.209 564.975 559.706 553.174 545.034 534.739 521.333 502.882 474.171 416.438
418.325 464.706 492.975 513.369  528.68 540.533 549.922 557.472 563.589 568.548 572.537 575.693  578.11 579.855 580.974 581.494 581.428 580.773 579.513 577.614 575.023 571.664 567.428 562.156  555.62 547.476 537.175 523.761 505.305 476.652 419.332
420.694 467.167 495.314 515.613 530.866 542.685 552.052 559.587 565.693 570.644 574.628 577.779 580.191 581.933 583.049 583.567 583.498 582.841 581.579 579.677 577.084 573.723 569.484 564.209 557.669 549.521 539.213 525.793 507.332 478.741  421.87
422.636 469.169  497.19 517.391 532.586 544.369 553.714 561.234 567.329 572.272 576.249 579.395 581.804 583.543 584.656 585.171   585.1  584.44 583.176 581.272 578.677 575.313 571.071 565.793  559.25 551.097 540.784 527.356 508.893 480.368 423.981
424.068 470.627 498.518  518.62 533.757 545.504 554.826  562.33 568.415 573.349  577.32 580.461 582.866 584.601 585.711 586.223  586.15 585.488 584.221 582.315 579.718 576.352 572.107 566.826  560.28 552.122 541.804 528.371 509.905 481.449 425.583
424.895 471.446 499.202 519.204 534.281 545.992  555.29 562.779 568.853 573.779 577.744  580.88  583.28 585.012 586.119 586.628 586.553 585.889 584.619 582.711 580.112 576.743 572.496 567.212 560.662 552.501 542.177 528.738 510.273  481.89 426.581
425.001 471.507 499.125 519.026 534.042 545.717 554.992 562.465 568.527 573.445 577.403 580.534  582.93 584.658 585.762 586.269 586.191 585.525 584.253 582.343 579.741 576.371 572.121 566.834 560.281 552.115 541.788 528.344  509.88 481.573 426.856
 424.24 470.667 498.142 517.942 532.896 544.534 553.786 561.242 567.293 572.203 576.155  579.28 581.672 583.397 584.498 585.002 584.921 584.253 582.979 581.067 578.463  575.09 570.838 565.548 558.992 550.823 540.491 527.043 508.583 480.355 426.265
422.426 468.737 496.066 515.763 530.656 542.256 551.484 558.925 564.964 569.865 573.811 576.931 579.319  581.04 582.138 582.639 582.556 581.886  580.61 578.695 576.089 572.714 568.459 563.167 556.608 548.436   538.1  524.65 506.194  478.05 424.618
419.301 465.457 492.638 512.232 527.063 538.626  547.83 555.254 561.282 566.175 570.114 573.229 575.613  577.33 578.425 578.924 578.838 578.165 576.887 574.971 572.363 568.985 564.728 559.434 552.872 544.697 534.359 520.906 502.458 474.402 421.656
414.475 460.438 487.467 506.958 521.728 533.253 542.433 549.841 555.858 560.741 564.674 567.784 570.164 571.877 572.969 573.466 573.378 572.703 571.423 569.504 566.894 563.515 559.256 553.959 547.395 539.217 528.877 515.424 496.985 469.022 416.988
407.261 452.991 479.867 499.255 513.964 525.452 534.608     542 548.005 552.881 556.806 559.911 562.287 563.997 565.086  565.58  565.49 564.812  563.53  561.61 558.998 555.617 551.356 546.058 539.491 531.312  520.97 507.518 489.093 461.229 409.923
 395.97 441.419 468.142 487.429 502.078  513.53 522.663 530.039 536.033   540.9 544.819 547.919 550.291 551.998 553.084 553.575 553.483 552.803  551.52 549.598 546.984 543.601 539.339 534.039 527.471 519.291 508.949   495.5 477.093 449.335 398.765

