Pressure Results
       1        1        1        1        1        1        1        1        1        1        1        1        1        1        1        1        1        1        1        1        1        1        1        1        1        1        1        1        1        1        1
 1.00129 0.998158 0.998837 0.999269 0.999505 0.999644 0.999732 0.999794 0.999839 0.999874 0.999902 0.999926 0.999946 0.999965 0.999982 0.999998  1.00001  1.00003  1.00005  1.00007  1.00009  1.00012  1.00015   1.0002  1.00025  1.00034  1.00046  1.00068  1.00111  1.00193  0.99877
 1.00245 0.996505 0.997781 0.998604 0.999055 0.999319 0.999489 0.999606 0.999693 0.999759 0.999813 0.999858 0.999897 0.999933 0.999965 0.999997  1.00003  1.00006   1.0001  1.00013  1.00018  1.00023  1.00029  1.00037  1.00048  1.00064  1.00088  1.00129  1.00211  1.00366 0.997671
 1.00351 0.994983   0.9968 0.997985 0.998636 0.999017 0.999262 0.999432 0.999556 0.999653  0.99973 0.999795 0.999852 0.999903  0.99995 0.999995  1.00004  1.00009  1.00014  1.00019  1.00026  1.00033  1.00042  1.00054   1.0007  1.00092  1.00127  1.00186  1.00304  1.00526  0.99666
 1.00451  0.99356 0.995876 0.997402 0.998241 0.998733 0.999049 0.999267 0.999428 0.999552 0.999652 0.999736 0.999809 0.999874 0.999935 0.999994  1.00005  1.00011  1.00018  1.00025  1.00033  1.00043  1.00054   1.0007   1.0009  1.00119  1.00164  1.00239  1.00391  1.00676 0.995715
 1.00545 0.992216 0.994998 0.996848 0.997866 0.998463 0.998846 0.999111 0.999306 0.999457 0.999578  0.99968 0.999768 0.999848 0.999921 0.999993  1.00006  1.00014  1.00021   1.0003   1.0004  1.00052  1.00066  1.00084  1.00109  1.00144  1.00198   1.0029  1.00474  1.00817 0.994823
 1.00635 0.990937 0.994158 0.996318 0.997508 0.998205 0.998652 0.998962 0.999189 0.999365 0.999507 0.999626 0.999729 0.999822 0.999908 0.999991  1.00007  1.00016  1.00025  1.00035  1.00047   1.0006  1.00077  1.00099  1.00127  1.00169  1.00231  1.00338  1.00554  1.00952 0.993975
 1.00721 0.989712 0.993349 0.995808 0.997163 0.997957 0.998466 0.998818 0.999077 0.999278 0.999439 0.999574 0.999692 0.999797 0.999895  0.99999  1.00008  1.00018  1.00028   1.0004  1.00053  1.00069  1.00088  1.00112  1.00145  1.00192  1.00263  1.00385   1.0063  1.01082 0.993161
 1.00804 0.988533 0.992566 0.995314  0.99683 0.997718 0.998286  0.99868 0.998969 0.999193 0.999373 0.999524 0.999655 0.999773 0.999883 0.999988  1.00009   1.0002  1.00032  1.00045  1.00059  1.00077  1.00098  1.00125  1.00162  1.00214  1.00294   1.0043  1.00704  1.01206 0.992379
 1.00885 0.987392 0.991807 0.994836 0.996507 0.997486 0.998113 0.998546 0.998865 0.999111  0.99931 0.999476 0.999621  0.99975 0.999871 0.999987   1.0001  1.00022  1.00035  1.00049  1.00065  1.00084  1.00108  1.00138  1.00178  1.00236  1.00324  1.00473  1.00775  1.01327 0.991621
 1.00963 0.986284 0.991067  0.99437 0.996193  0.99726 0.997944 0.998416 0.998764 0.999032 0.999248 0.999429 0.999587 0.999728 0.999859 0.999986  1.00011  1.00024  1.00038  1.00053  1.00071  1.00092  1.00117   1.0015  1.00194  1.00257  1.00352  1.00516  1.00845  1.01444 0.990887
 1.01039 0.985206 0.990346 0.993916 0.995887 0.997041  0.99778  0.99829 0.998665 0.998955 0.999188 0.999384 0.999554 0.999706 0.999848 0.999985  1.00012  1.00026  1.00041  1.00058  1.00077  1.00099  1.00127  1.00162  1.00209  1.00277   1.0038  1.00557  1.00913  1.01559 0.990171
 1.01113 0.984155 0.989641 0.993473 0.995589 0.996827  0.99762 0.998167 0.998569  0.99888  0.99913  0.99934 0.999522 0.999685 0.999837 0.999983  1.00013  1.00028  1.00044  1.00062  1.00082  1.00106  1.00136  1.00173  1.00224  1.00297  1.00408  1.00597  1.00979   1.0167 0.989474
 1.01186 0.983127  0.98895 0.993039 0.995298 0.996619 0.997464 0.998047 0.998476 0.998807 0.999073 0.999297  0.99949 0.999664 0.999826 0.999982  1.00014   1.0003  1.00047  1.00066  1.00087  1.00113  1.00144  1.00185  1.00239  1.00316  1.00434  1.00636  1.01044   1.0178 0.988792
 1.01257 0.982121 0.988274 0.992615 0.995013 0.996415 0.997311  0.99793 0.998384 0.998735 0.999018 0.999254  0.99946 0.999644 0.999816 0.999981  1.00015  1.00032   1.0005   1.0007  1.00093   1.0012  1.00153  1.00196  1.00253  1.00335   1.0046  1.00674  1.01108  1.01886 0.988124
 1.01327 0.981135  0.98761 0.992199 0.994735 0.996216 0.997162 0.997816 0.998295 0.998666 0.998964 0.999213  0.99943 0.999625 0.999806  0.99998  1.00015  1.00033  1.00052  1.00073  1.00098  1.00126  1.00161  1.00206  1.00267  1.00353  1.00486  1.00712   1.0117  1.01991  0.98747
 1.01395 0.980169  0.98696 0.991793 0.994462 0.996021 0.997017 0.997704 0.998209 0.998598 0.998911 0.999173 0.999401 0.999605 0.999796 0.999979  1.00016  1.00035  1.00055  1.00077  1.00102  1.00133   1.0017  1.00217  1.00281  1.00371  1.00511  1.00749  1.01231  1.02094 0.986829
 1.01463 0.979222 0.986323 0.991394 0.994196 0.995831 0.996875 0.997595 0.998124 0.998531  0.99886 0.999134 0.999373 0.999587 0.999786 0.999977  1.00017  1.00037  1.00058  1.00081  1.00107  1.00139  1.00177  1.00227  1.00294  1.00389  1.00535  1.00785  1.01291  1.02195 0.986201
 1.01528 0.978294 0.985698 0.991005 0.993936 0.995646 0.996737 0.997489 0.998041 0.998467  0.99881 0.999096 0.999345 0.999569 0.999776 0.999976  1.00018  1.00038   1.0006  1.00084  1.00112  1.00145  1.00185  1.00237  1.00307  1.00406  1.00559   1.0082   1.0135  1.02293 0.985586
 1.01593 0.977386 0.985087 0.990624 0.993682 0.995465 0.996602 0.997386 0.997961 0.998404 0.998761 0.999059 0.999318 0.999551 0.999767 0.999975  1.00018   1.0004  1.00062  1.00088  1.00117  1.00151  1.00193  1.00247  1.00319  1.00423  1.00582  1.00854  1.01407   1.0239 0.984983
 1.01656 0.976498  0.98449 0.990252 0.993434 0.995288  0.99647 0.997285 0.997882 0.998343 0.998713 0.999023 0.999292 0.999534 0.999758 0.999974  1.00019  1.00041  1.00065  1.00091  1.00121  1.00156    1.002  1.00256  1.00332  1.00439  1.00605  1.00888  1.01463  1.02485 0.984394
 1.01717 0.975631 0.983908 0.989891 0.993193 0.995117 0.996343 0.997187 0.997806 0.998283 0.998667 0.998989 0.999267 0.999517 0.999749 0.999973   1.0002  1.00043  1.00067  1.00094  1.00125  1.00162  1.00207  1.00265  1.00344  1.00455  1.00627   1.0092  1.01518  1.02577 0.983819
 1.01777 0.974788 0.983342 0.989539  0.99296 0.994951 0.996219 0.997093 0.997733 0.998226 0.998623 0.998955 0.999243 0.999501 0.999741 0.999972   1.0002  1.00044  1.00069  1.00097  1.00129  1.00167  1.00214  1.00274  1.00355   1.0047  1.00648  1.00952  1.01571  1.02667 0.983259
 1.01835 0.973968 0.982793 0.989199 0.992733  0.99479   0.9961 0.997001 0.997662 0.998171  0.99858 0.998922 0.999219 0.999485 0.999733 0.999971  1.00021  1.00045  1.00071    1.001  1.00133  1.00173  1.00221  1.00283  1.00366  1.00485  1.00669  1.00983  1.01622  1.02754 0.982716
 1.01891 0.973175 0.982262 0.988871 0.992515 0.994635 0.995985 0.996913 0.997593 0.998117 0.998539 0.998891 0.999196  0.99947 0.999725  0.99997  1.00021  1.00047  1.00074  1.00103  1.00137  1.00178  1.00227  1.00291  1.00377    1.005  1.00688  1.01012  1.01672  1.02838  0.98219
 1.01945 0.972411 0.981751 0.988555 0.992306 0.994487 0.995874 0.996829 0.997528 0.998066 0.998499 0.998861 0.999174 0.999456 0.999718 0.999969  1.00022  1.00048  1.00075  1.00106  1.00141  1.00182  1.00233  1.00299  1.00387  1.00513  1.00707  1.01041   1.0172   1.0292 0.981683
 1.01997 0.971678 0.981262 0.988253 0.992106 0.994345 0.995769 0.996748 0.997465 0.998017 0.998461 0.998832 0.999154 0.999442  0.99971 0.999968  1.00023  1.00049  1.00077  1.00109  1.00144  1.00187  1.00239  1.00306  1.00397  1.00526  1.00726  1.01068  1.01766  1.02998 0.981196
 1.02047 0.970978 0.980795 0.987965 0.991916  0.99421 0.995669 0.996672 0.997406 0.997971 0.998425 0.998805 0.999134 0.999429 0.999704 0.999968  1.00023   1.0005  1.00079  1.00111  1.00148  1.00191  1.00245  1.00314  1.00406  1.00539  1.00743  1.01094   1.0181  1.03072 0.980732
 1.02094 0.970315 0.980354 0.987693 0.991736 0.994083 0.995575   0.9966  0.99735 0.997928 0.998392  0.99878 0.999116 0.999417 0.999697 0.999967  1.00024  1.00051  1.00081  1.00113  1.00151  1.00195   1.0025   1.0032  1.00415  1.00551  1.00759  1.01118  1.01852  1.03143 0.980292
 1.02138 0.969691 0.979938 0.987438 0.991568 0.993964 0.995486 0.996532 0.997298 0.997887  0.99836 0.998756 0.999098 0.999406 0.999691 0.999966  1.00024  1.00052  1.00082  1.00116  1.00154  1.00199  1.00255  1.00327  1.00423  1.00562  1.00775  1.01141  1.01891  1.03209 0.979878
  1.0218 0.969109 0.979552 0.987201 0.991411 0.993853 0.995404  0.99647 0.997249 0.997849 0.998331 0.998733 0.999082 0.999395 0.999686 0.999965  1.00024  1.00053  1.00084  1.00118  1.00157  1.00203   1.0026  1.00333  1.00431  1.00572  1.00789  1.01163  1.01927  1.03271 0.979492
 1.02218 0.968571 0.979195 0.986982 0.991267 0.993751 0.995329 0.996412 0.997204 0.997814 0.998304 0.998713 0.999067 0.999385 0.999681 0.999965  1.00025  1.00054  1.00085   1.0012  1.00159  1.00206  1.00264  1.00338  1.00438  1.00581  1.00802  1.01182  1.01961  1.03328 0.979135
 1.02252 0.968082 0.978871 0.986783 0.991136 0.993659  0.99526  0.99636 0.997164 0.997782 0.998279 0.998694 0.999054 0.999376 0.999676 0.999964  1.00025  1.00055  1.00086  1.00121  1.00161  1.00209  1.00267  1.00343  1.00444   1.0059  1.00814    1.012  1.01991  1.03381  0.97881
 1.02284 0.967642  0.97858 0.986605 0.991018 0.993576 0.995199 0.996313 0.997128 0.997754 0.998258 0.998678 0.999042 0.999369 0.999672 0.999964  1.00025  1.00055  1.00087  1.00123  1.00163  1.00212  1.00271  1.00347   1.0045  1.00597  1.00825  1.01216  1.02019  1.03427 0.978519
 1.02311 0.967256 0.978325 0.986449 0.990915 0.993503 0.995145 0.996272 0.997096  0.99773 0.998238 0.998663 0.999031 0.999362 0.999668 0.999963  1.00026  1.00056  1.00088  1.00124  1.00165  1.00214  1.00274  1.00351  1.00455  1.00604  1.00834   1.0123  1.02043  1.03468 0.978263
 1.02334 0.966925 0.978106 0.986315 0.990827 0.993441 0.995099 0.996237 0.997069 0.997708 0.998222 0.998651 0.999022 0.999356 0.999665 0.999963  1.00026  1.00057  1.00089  1.00125  1.00167  1.00216  1.00276  1.00354  1.00459   1.0061  1.00842  1.01242  1.02063  1.03504 0.978043
 1.02354 0.966651 0.977925 0.986204 0.990755  0.99339 0.995061 0.996208 0.997046 0.997691 0.998209 0.998641 0.999015 0.999351 0.999663 0.999963  1.00026  1.00057   1.0009  1.00126  1.00168  1.00217  1.00279  1.00357  1.00463  1.00615  1.00849  1.01252   1.0208  1.03533 0.977861
 1.02369 0.966436 0.977783 0.986118 0.990698  0.99335 0.995031 0.996185 0.997029 0.997677 0.998198 0.998633 0.999009 0.999347 0.999661 0.999962  1.00026  1.00057   1.0009  1.00127  1.00169  1.00219   1.0028  1.00359  1.00466  1.00618  1.00854   1.0126  1.02094  1.03556 0.977718
  1.0238 0.966281 0.977681 0.986056 0.990657 0.993321  0.99501 0.996169 0.997016 0.997667  0.99819 0.998627 0.999005 0.999344 0.999659 0.999962  1.00026  1.00058  1.00091  1.00128   1.0017   1.0022  1.00281  1.00361  1.00468  1.00621  1.00858  1.01266  1.02103  1.03572 0.977616
 1.02387 0.966188  0.97762 0.986018 0.990632 0.993304 0.994997 0.996159 0.997009 0.997662 0.998186 0.998624 0.999003 0.999343 0.999658 0.999962  1.00026  1.00058  1.00091  1.00128   1.0017   1.0022  1.00282  1.00362  1.00469  1.00623   1.0086  1.01269  1.02109  1.03582 0.977554
 1.02389 0.966157 0.977599 0.986006 0.990624 0.993298 0.994993 0.996156 0.997006  0.99766 0.998184 0.998622 0.999002 0.999342 0.999658 0.999962  1.00026  1.00058  1.00091  1.00128   1.0017   1.0022  1.00282  1.00362  1.00469  1.00623  1.00861   1.0127  1.02111  1.03585 0.977533
 1.02387 0.966188  0.97762 0.986018 0.990632 0.993304 0.994997 0.996159 0.997009 0.997662 0.998186 0.998624 0.999003 0.999343 0.999658 0.999962  1.00026  1.00058  1.00091  1.00128   1.0017   1.0022  1.00282  1.00362  1.00469  1.00623   1.0086  1.01269  1.02109  1.03582 0.977554
  1.0238 0.966281 0.977681 0.986056 0.990657 0.993321  0.99501 0.996169 0.997016 0.997667  0.99819 0.998627 0.999005 0.999344 0.999659 0.999962  1.00026  1.00058  1.00091  1.00128   1.0017   1.0022  1.00281  1.00361  1.00468  1.00621  1.00858  1.01266  1.02103  1.03572 0.977616
 1.02369 0.966436 0.977783 0.986118 0.990698  0.99335 0.995031 0.996185 0.997029 0.997677 0.998198 0.998633 0.999009 0.999347 0.999661 0.999962  1.00026  1.00057   1.0009  1.00127  1.00169  1.00219   1.0028  1.00359  1.00466  1.00618  1.00854   1.0126  1.02094  1.03556 0.977718
 1.02354 0.966651 0.977925 0.986204 0.990755  0.99339 0.995061 0.996208 0.997046 0.997691 0.998209 0.998641 0.999015 0.999351 0.999663 0.999963  1.00026  1.00057   1.0009  1.00126  1.00168  1.00217  1.00279  1.00357  1.00463  1.00615  1.00849  1.01252   1.0208  1.03533 0.977861
 1.02334 0.966925 0.978106 0.986315 0.990827 0.993441 0.995099 0.996237 0.997069 0.997708 0.998222 0.998651 0.999022 0.999356 0.999665 0.999963  1.00026  1.00057  1.00089  1.00125  1.00167  1.00216  1.00276  1.00354  1.00459   1.0061  1.00842  1.01242  1.02063  1.03504 0.978043
 1.02311 0.967256 0.978325 0.986449 0.990915 0.993503 0.995145 0.996272 0.997096  0.99773 0.998238 0.998663 0.999031 0.999362 0.999668 0.999963  1.00026  1.00056  1.00088  1.00124  1.00165  1.00214  1.00274  1.00351  1.00455  1.00604  1.00834   1.0123  1.02043  1.03468 0.978262
 1.02284 0.967642  0.97858 0.986605 0.991018 0.993576 0.995199 0.996313 0.997128 0.997754 0.998258 0.998678 0.999042 0.999369 0.999672 0.999964  1.00025  1.00055  1.00087  1.00123  1.00163  1.00212  1.00271  1.00347   1.0045  1.00597  1.00825  1.01216  1.02019  1.03427 0.978519
 1.02252 0.968082 0.978871 0.986783 0.991136 0.993659  0.99526  0.99636 0.997164 0.997783 0.998279 0.998695 0.999054 0.999376 0.999676 0.999964  1.00025  1.00055  1.00086  1.00121  1.00161  1.00209  1.00267  1.00343  1.00444   1.0059  1.00814    1.012  1.01991  1.03381  0.97881
 1.02218 0.968571 0.979195 0.986982 0.991267 0.993751 0.995329 0.996412 0.997204 0.997814 0.998304 0.998713 0.999067 0.999385 0.999681 0.999965  1.00025  1.00054  1.00085   1.0012  1.00159  1.00206  1.00264  1.00338  1.00438  1.00581  1.00802  1.01182  1.01961  1.03328 0.979135
  1.0218 0.969108 0.979552 0.987201 0.991411 0.993853 0.995404  0.99647 0.997249 0.997849 0.998331 0.998733 0.999082 0.999395 0.999686 0.999966  1.00024  1.00053  1.00084  1.00118  1.00157  1.00203   1.0026  1.00333  1.00431  1.00572  1.00789  1.01163  1.01927  1.03271 0.979492
 1.02138 0.969691 0.979938 0.987438 0.991568 0.993964 0.995486 0.996532 0.997298 0.997887  0.99836 0.998756 0.999098 0.999406 0.999691 0.999966  1.00024  1.00052  1.00082  1.00116  1.00154  1.00199  1.00255  1.00327  1.00423  1.00562  1.00775  1.01141  1.01891  1.03209 0.979878
 1.02094 0.970315 0.980354 0.987693 0.991736 0.994083 0.995575   0.9966  0.99735 0.997928 0.998392  0.99878 0.999116 0.999417 0.999697 0.999967  1.00024  1.00051  1.00081  1.00113  1.00151  1.00195   1.0025   1.0032  1.00415  1.00551  1.00759  1.01118  1.01852  1.03143 0.980292
 1.02047 0.970978 0.980795 0.987965 0.991916 0.994211 0.995669 0.996672 0.997406 0.997971 0.998426 0.998805 0.999134  0.99943 0.999704 0.999968  1.00023   1.0005  1.00079  1.00111  1.00148  1.00191  1.00245  1.00314  1.00406  1.00539  1.00743  1.01094   1.0181  1.03072 0.980732
 1.01997 0.971678 0.981262 0.988253 0.992106 0.994345 0.995769 0.996749 0.997466 0.998018 0.998462 0.998833 0.999154 0.999443 0.999711 0.999969  1.00023  1.00049  1.00077  1.00109  1.00144  1.00187  1.00239  1.00307  1.00397  1.00526  1.00726  1.01068  1.01766  1.02998 0.981196
 1.01945 0.972412 0.981752 0.988555 0.992307 0.994488 0.995875 0.996829 0.997528 0.998067   0.9985 0.998861 0.999175 0.999456 0.999718  0.99997  1.00022  1.00048  1.00076  1.00106  1.00141  1.00182  1.00233  1.00299  1.00387  1.00513  1.00708  1.01041   1.0172   1.0292 0.981683
 1.01891 0.973176 0.982263 0.988871 0.992516 0.994636 0.995985 0.996914 0.997594 0.998118 0.998539 0.998892 0.999197 0.999471 0.999726 0.999971  1.00022  1.00047  1.00074  1.00103  1.00137  1.00178  1.00227  1.00291  1.00377    1.005  1.00689  1.01012  1.01672  1.02838  0.98219
 1.01835 0.973969 0.982794   0.9892 0.992734 0.994791   0.9961 0.997002 0.997662 0.998171 0.998581 0.998923  0.99922 0.999486 0.999734 0.999972  1.00021  1.00045  1.00072    1.001  1.00133  1.00173  1.00221  1.00283  1.00366  1.00485  1.00669  1.00983  1.01623  1.02754 0.982716
 1.01777 0.974788 0.983343  0.98954  0.99296 0.994951  0.99622 0.997093 0.997733 0.998227 0.998623 0.998955 0.999243 0.999501 0.999742 0.999973   1.0002  1.00044  1.00069  1.00097  1.00129  1.00167  1.00214  1.00274  1.00355  1.00471  1.00648  1.00952  1.01571  1.02667  0.98326
 1.01717 0.975632 0.983909 0.989891 0.993194 0.995117 0.996343 0.997188 0.997807 0.998284 0.998668 0.998989 0.999267 0.999518  0.99975 0.999974   1.0002  1.00043  1.00067  1.00094  1.00125  1.00162  1.00207  1.00265  1.00344  1.00455  1.00627   1.0092  1.01518  1.02577 0.983819
 1.01656 0.976499 0.984491 0.990253 0.993434 0.995289 0.996471 0.997285 0.997883 0.998343 0.998714 0.999024 0.999293 0.999534 0.999759 0.999975  1.00019  1.00041  1.00065  1.00091  1.00121  1.00156    1.002  1.00256  1.00332  1.00439  1.00605  1.00888  1.01463  1.02485 0.984394
 1.01593 0.977387 0.985088 0.990624 0.993682 0.995465 0.996602 0.997386 0.997961 0.998404 0.998761  0.99906 0.999319 0.999551 0.999768 0.999976  1.00018   1.0004  1.00062  1.00088  1.00117  1.00151  1.00193  1.00247   1.0032  1.00423  1.00582  1.00854  1.01407   1.0239 0.984983
 1.01528 0.978295 0.985699 0.991005 0.993936 0.995646 0.996737 0.997489 0.998041 0.998467  0.99881 0.999097 0.999346 0.999569 0.999777 0.999977  1.00018  1.00038   1.0006  1.00084  1.00112  1.00145  1.00185  1.00237  1.00307  1.00406  1.00559   1.0082   1.0135  1.02293 0.985586
 1.01463 0.979223 0.986323 0.991395 0.994196 0.995832 0.996875 0.997596 0.998124 0.998532  0.99886 0.999135 0.999373 0.999587 0.999786 0.999978  1.00017  1.00037  1.00058  1.00081  1.00107  1.00139  1.00178  1.00227  1.00294  1.00389  1.00535  1.00785  1.01291  1.02195 0.986201
 1.01395 0.980169  0.98696 0.991793 0.994463 0.996022 0.997017 0.997704 0.998209 0.998598 0.998911 0.999174 0.999401 0.999606 0.999796 0.999979  1.00016  1.00035  1.00055  1.00077  1.00103  1.00133   1.0017  1.00217  1.00281  1.00372  1.00511  1.00749  1.01231  1.02094  0.98683
 1.01327 0.981136 0.987611   0.9922 0.994735 0.996216 0.997163 0.997816 0.998296 0.998666 0.998964 0.999214  0.99943 0.999625 0.999806  0.99998  1.00015  1.00033  1.00052  1.00073  1.00098  1.00126  1.00161  1.00207  1.00267  1.00354  1.00486  1.00712   1.0117  1.01991  0.98747
 1.01257 0.982121 0.988274 0.992615 0.995014 0.996415 0.997311  0.99793 0.998385 0.998736 0.999018 0.999255  0.99946 0.999645 0.999816 0.999981  1.00015  1.00032   1.0005   1.0007  1.00093   1.0012  1.00153  1.00196  1.00253  1.00335  1.00461  1.00674  1.01108  1.01886 0.988124
 1.01186 0.983127  0.98895 0.993039 0.995298 0.996619 0.997464 0.998047 0.998476 0.998807 0.999074 0.999297 0.999491 0.999665 0.999827 0.999982  1.00014   1.0003  1.00047  1.00066  1.00087  1.00113  1.00144  1.00185  1.00239  1.00316  1.00434  1.00636  1.01044   1.0178 0.988792
 1.01113 0.984155 0.989641 0.993473 0.995589 0.996828  0.99762 0.998167 0.998569  0.99888  0.99913  0.99934 0.999522 0.999685 0.999837 0.999984  1.00013  1.00028  1.00044  1.00062  1.00082  1.00106  1.00136  1.00174  1.00224  1.00297  1.00408  1.00597  1.00979   1.0167 0.989474
 1.01039 0.985207 0.990346 0.993916 0.995888 0.997041  0.99778  0.99829 0.998665 0.998955 0.999189 0.999384 0.999554 0.999706 0.999848 0.999985  1.00012  1.00026  1.00041  1.00058  1.00077  1.00099  1.00127  1.00162  1.00209  1.00277  1.00381  1.00557  1.00913  1.01559 0.990172
 1.00963 0.986285 0.991067  0.99437 0.996193 0.997261 0.997944 0.998417 0.998764 0.999032 0.999248  0.99943 0.999587 0.999728  0.99986 0.999986  1.00011  1.00024  1.00038  1.00053  1.00071  1.00092  1.00117   1.0015  1.00194  1.00257  1.00352  1.00516  1.00845  1.01445 0.990887
 1.00885 0.987392 0.991807 0.994836 0.996507 0.997486 0.998113 0.998546 0.998865 0.999111  0.99931 0.999476 0.999621  0.99975 0.999871 0.999987   1.0001  1.00022  1.00035  1.00049  1.00065  1.00084  1.00108  1.00138  1.00178  1.00236  1.00324  1.00473  1.00775  1.01327 0.991622
 1.00804 0.988533 0.992566 0.995314  0.99683 0.997718 0.998287  0.99868  0.99897 0.999193 0.999374 0.999525 0.999656 0.999773 0.999883 0.999989  1.00009   1.0002  1.00032  1.00045  1.00059  1.00077  1.00098  1.00125  1.00162  1.00214  1.00294   1.0043  1.00704  1.01206 0.992379
 1.00721 0.989713 0.993348 0.995808 0.997163 0.997957 0.998466 0.998819 0.999078 0.999278 0.999439 0.999574 0.999692 0.999797 0.999895  0.99999  1.00008  1.00018  1.00029   1.0004  1.00053  1.00069  1.00088  1.00112  1.00145  1.00192  1.00263  1.00385   1.0063  1.01082 0.993162
 1.00635 0.990938 0.994158 0.996318 0.997508 0.998205 0.998652 0.998962  0.99919 0.999365 0.999507 0.999626 0.999729 0.999822 0.999908 0.999991  1.00007  1.00016  1.00025  1.00035  1.00047   1.0006  1.00077  1.00099  1.00127  1.00169  1.00231  1.00338  1.00554  1.00952 0.993975
 1.00545 0.992217 0.994998 0.996848 0.997866 0.998463 0.998846 0.999111 0.999306 0.999457 0.999578  0.99968 0.999768 0.999848 0.999921 0.999993  1.00006  1.00014  1.00021   1.0003   1.0004  1.00052  1.00066  1.00084  1.00109  1.00144  1.00198   1.0029  1.00474  1.00817 0.994823
 1.00451  0.99356 0.995876 0.997402 0.998241 0.998733 0.999049 0.999267 0.999428 0.999552 0.999652 0.999736 0.999809 0.999874 0.999935 0.999994  1.00005  1.00011  1.00018  1.00025  1.00033  1.00043  1.00054   1.0007   1.0009  1.00119  1.00164  1.00239  1.00391  1.00676 0.995715
 1.00351 0.994982   0.9968 0.997985 0.998636 0.999017 0.999262 0.999432 0.999556 0.999653  0.99973 0.999795 0.999852 0.999903  0.99995 0.999995  1.00004  1.00009  1.00014  1.00019  1.00026  1.00033  1.00042  1.00054   1.0007  1.00093  1.00127  1.00186  1.00304  1.00526 0.996659
 1.00245 0.996504  0.99778 0.998603 0.999054 0.999319 0.999489 0.999606 0.999693 0.999759 0.999813 0.999858 0.999897 0.999933 0.999965 0.999997  1.00003  1.00006   1.0001  1.00013  1.00018  1.00023  1.00029  1.00038  1.00049  1.00064  1.00088  1.00129  1.00211  1.00366 0.997669
 1.00129 0.998155 0.998835 0.999268 0.999504 0.999643 0.999732 0.999794 0.999839 0.999874 0.999902 0.999926 0.999946 0.999965 0.999982 0.999998  1.00001  1.00003  1.00005  1.00007  1.00009  1.00012  1.00015   1.0002  1.00025  1.00034  1.00046  1.00068  1.00111  1.00193 0.998766
       1        1        1        1        1        1        1        1        1        1        1        1        1        1        1        1        1        1        1        1        1        1        1        1        1        1        1        1        1        1        1

